5598
16006
24257
28593
25174
2298
4463
5228
20603
31381
236
4680
16702
30408
1244
3694
3611
11357
7079
8013
6611
3524
22879
29238
29102
3830
30857
3267
23193
10654
27086
5042
17052
13971
6747
19769
24356
13990
26063
3041
2518
26278
9937
6084
28087
15838
30281
24986
29464
14952
10238
7980
10417
32096
18304
21936
15173
12106
11662
27907
5735
21865
28749
3789
676
9952
30609
8015
5737
29787
13925
19878
7808
3468
14495
28138
20973
29173
27080
3954
14584
20701
2474
15962
12907
15444
22859
5722
5806
11476
15910
22369
20681
27691
14659
8233
867
4957
32154
19134
22449
17266
18406
30130
7520
16059
13700
8526
25276
20119
22927
31077
31400
30001
3684
3191
7689
12020
19937
15510
14435
10629
14152
13643
30501
28114
20454
21663
15206
21490
27523
5081
12522
4246
8631
19621
6260
5890
13742
23586
23931
30029
20954
26358
20707
7546
31946
20724
31573
18766
31645
23621
22315
27159
19167
5507
865
2801
5416
8230
23269
9324
22928
12571
14167
29673
30786
31041
21293
24679
21944
17790
12646
25966
25344
18156
21586
4156
29506
20778
19617
10395
8879
20890
8079
2149
16026
5584
10977
26448
4013
17171
14589
13415
9288
4182
12152
13904
23638
27079
24009
3831
9041
25836
7050
19235
15390
12242
14804
14756
4988
523
23935
29216
24635
6841
12330
14004
7781
20039
26351
11853
31285
27022
13983
12124
25902
21467
5639
24694
341
17788
5029
4663
11027
17755
6671
31682
21090
25249
24765
13855
1583
19109
20991
29216
23757
22671
14026
18044
16701
22162
22163
8194
11946
16433
30543
12088
24056
8049
2162
17381
10609
5786
31290
6804
14650
11315
31411
7270
17105
1293
25428
24589
8209
176
25944
11905
26985
4125
11390
11418
23678
31799
12233
31625
8401
8741
26877
4102
9274
9716
23497
13386
9573
15319
23274
31993
2282
25866
15598
30629
6553
18569
24191
10406
26663
474
16114
22135
18818
8380
26301
19277
20645
12447
14796
9118
8231
14484
14267
13049
13982
24866
17391
15006
586
2985
11908
555
10591
19765
29722
13062
1859
6778
1501
5416
19217
1705
30401
6182
6476
2681
12812
28237
11925
24997
24548
16577
24913
17180
6416
6197
30670
15219
13767
18206
18619
10329
8342
1025
3914
30449
833
22454
13594
24328
25302
6910
17536
30144
20627
16192
20616
16675
14679
18374
15281
4983
10938
17911
4825
7332
2674
3030
26673
6200
20303
4473
24519
9479
17100
8300
19218
25130
23621
30618
24882
18810
11208
31589
17892
12316
17464
31757
25268
23920
1538
14035
9219
30158
19010
4082
165
29544
24933
24471
3909
21600
7435
27864
877
17685
7283
27061
15280
20933
2806
31115
28560
11414
24188
29706
28372
30504
15056
2302
13847
19067
9268
7840
27781
25896
28633
17564
8041
27651
25807
28697
17062
24615
17817
29871
25086
16127
31711
19276
10941
8291
28093
28658
13254
15215
11836
16878
6858
27822
18977
25600
31166
31181
15796
7243
12216
10459
7395
7276
7289
3308
11390
10132
10605
3963
5250
6651
20118
14159
22001
26617
21874
26234
28928
25534
32183
15215
10591
16531
15684
23813
12972
2540
13382
877
15077
15825
10477
32587
12977
8871
16575
26785
29618
29865
22624
13152
437
28217
11975
12177
32527
32515
29560
2040
31389
12954
21088
23142
10701
30208
19426
5402
1236
14267
31089
6931
11312
8312
20824
6285
10446
5331
798
29825
2584
27027
1926
19020
29660
11917
1840
15716
16096
5834
31757
27550
5020
13864
16292
27663
7182
6001
21719
12597
26181
5321
16833
1604
9234
30426
4019
29950
1250
28007
19270
8405
17774
26208
31900
2116
31476
1369
15646
14029
4090
16195
3553
23898
30184
30784
28423
2156
10839
4078
10470
13022
18884
649
7733
24018
16717
27179
1168
11104
22310
7808
14598
1665
12258
19567
14930
14292
26541
16217
13646
26624
3073
17859
17575
3035
11669
20836
18426
18976
17645
16954
10449
22816
8145
1307
31069
5350
25173
3739
15827
17443
30579
28253
22530
10830
15660
26494
16226
5189
32109
9543
5117
26617
27398
4081
20363
3377
25836
27695
21766
8208
17144
383
1004
10033
13170
23266
777
7376
28752
26653
5542
1721
5037
29545
15098
16827
4104
14655
30707
9030
32492
557
9940
24185
4574
14676
5299
18368
22227
25825
8908
10383
26556
9765
4678
23595
21589
28358
24806
27696
26482
16171
20195
16545
22468
13223
21185
12776
21077
3174
8115
30124
9299
29582
13766
4837
7872
3229
29684
26531
11113
13084
14746
19825
157
398
18280
10664
7271
28114
9798
4406
10070
9312
27147
5960
20686
20373
26819
5710
9706
29821
32056
7013
11335
11262
23311
30705
10755
28458
497
17677
12945
194
29009
9935
14674
27591
12964
32692
9357
32595
32143
1742
25288
27008
30624
25282
27458
23542
7431
12
12697
2125
13807
12183
10871
10700
13160
7332
1122
29303
4423
32112
25543
25446
32348
3970
24272
18258
8140
24235
29085
21935
5114
9790
28666
12022
23956
25552
16068
30602
22790
26144
6513
30423
20246
24539
17565
26801
27297
10383
4355
14553
20174
28095
28365
9754
9093
4742
29356
14712
6649
18873
14540
32175
19223
7080
811
10103
8945
7227
6909
1939
25941
23390
12882
23782
13474
6371
283
21592
4264
24164
21065
27358
17957
17857
23813
16661
32294
9166
25940
8234
25327
31537
3463
23469
31413
13638
19107
22231
5311
20615
2596
5077
19141
1073
25018
22722
27663
5019
17379
12331
6944
12274
743
21145
4791
24161
28156
29463
3850
475
6697
19193
23123
23796
28112
15698
6012
1603
13997
28525
8712
28211
10586
9588
8813
18041
22793
13136
5346
9088
23391
24010
13549
20884
30833
27676
24115
16060
1155
22036
951
15405
1972
31949
21675
25978
1000
10017
9535
30960
12478
21531
5169
27300
30035
14969
5635
23024
15753
4041
7118
7393
10816
4057
8965
29798
29252
32214
17699
10032
4921
17498
15313
27077
11591
18129
28998
366
7413
20816
11450
14650
15170
11998
7756
13417
4238
12762
31854
20441
28451
985
18024
6876
916
2298
1219
23121
11767
3282
27938
3137
10925
2439
6916
17526
23703
1225
30039
21493
6089
23215
27178
6316
8036
329
14866
17862
730
28085
19090
31127
24577
5578
14067
25315
17514
16041
31228
14165
943
793
32580
32533
29658
3602
7493
17348
18831
32692
19115
15775
24282
28052
14223
11318
26019
28133
11436
1453
31025
23450
9668
12955
13852
11317
28876
6938
27311
9946
23122
27816
11152
12021
1476
10120
28948
3998
27926
1788
10313
10689
5709
16525
4176
9769
7922
24911
24230
14905
10872
1379
1085
31915
28654
10995
25963
10364
1948
17244
29273
3264
16352
18014
6916
25898
29688
17326
292
12292
10729
17269
1538
16490
7521
26833
10504
7858
21738
5427
5737
9592
2130
5163
18382
644
30030
7242
32204
12996
4772
10158
27286
23194
31891
14541
30994
18673
3316
4158
3863
19664
16966
8603
9184
5796
4282
27198
13225
17031
27858
2053
14548
9337
16695
10940
29898
19526
14489
28444
16374
22785
7453
12273
7473
20109
17624
32422
54
31881
22204
28829
7874
7078
24240
12516
31009
12212
7329
19277
20650
8968
2452
12077
31853
8491
15414
10920
12164
10554
31712
29003
9802
27908
17680
21966
2900
25314
11213
28480
7911
10350
108
20804
6623
21118
31162
18837
11456
16646
13699
20646
4518
26446
30899
23823
22228
5417
32723
7424
12151
2640
10442
4241
29544
29960
4933
16215
3901
17376
29108
6401
21164
25900
22151
28640
7817
21901
20712
27085
17417
19936
26424
18987
5651
641
6192
17784
32704
27729
3184
17813
29812
9608
8980
11610
14739
12817
9017
6481
26165
17201
2292
2635
28206
13893
17661
30247
17501
30292
21733
23207
16170
721
1686
1308
11374
14207
16552
8626
27057
6416
2607
21955
16422
7719
28830
18924
25712
16589
7870
9446
21861
7702
27274
15546
12664
946
15132
25426
28431
31846
17219
6053
454
6485
30035
16951
27116
25433
12701
28879
18113
27310
9027
13295
16875
32667
15133
16851
24509
16749
6651
27774
31674
8057
32027
9907
31171
6935
18674
21599
32177
7986
19746
20486
24209
9147
5177
29119
27044
26237
25906
22726
27745
30729
23938
14210
5517
4844
1519
22519
21030
15
7694
27845
7694
25329
3676
26083
22010
13596
3932
44
26701
15145
11368
2418
29856
31644
27128
20119
17314
32139
805
14422
14284
24172
18650
1794
27787
27849
23939
28123
3060
24136
26739
10153
5821
5600
21158
22275
10630
24926
14757
21824
6838
23220
11648
28030
14465
24944
17639
22542
10839
31083
253
5498
13584
2495
4203
13278
841
21061
26634
4249
26145
9573
14330
16402
11870
16866
14382
5551
17389
16306
6545
18430
17484
30938
26610
5954
17283
1649
9952
3881
4506
29044
18151
8387
6040
15993
20398
19597
25612
29988
21802
24242
8546
32186
2371
11149
22453
21366
4877
6168
31407
10185
20477
10875
19228
21180
26097
21332
19831
25131
16783
19288
8449
7544
29643
23212
5902
23217
16818
27301
9263
13105
4002
32108
24045
12360
26976
15744
25495
8303
11478
21266
31414
5332
10323
3018
16545
20711
16424
16569
3118
23606
14594
1281
12283
25647
6263
26685
21786
31411
10295
24483
29263
20873
22099
14294
26297
21081
10022
21523
25097
27029
30237
14139
14532
4185
27191
1346
29082
2973
17605
12898
3213
11621
8344
11902
310
12340
28075
6892
6650
2540
1405
31097
5910
19808
793
5326
10432
30498
166
25880
19328
4195
31026
26694
8129
26303
11367
27883
23427
10686
15470
13207
18702
4920
31373
2571
12525
19612
19361
5299
7677
8603
28477
17164
27821
1928
4886
10135
29190
3804
26684
27745
12872
19681
27470
142
9848
25276
31303
6362
21368
4888
14010
4637
24908
6679
5321
16395
12531
23197
18157
5119
30530
22477
11592
11463
26248
17068
20862
22436
505
21237
10284
5057
9163
8221
10738
1389
23643
31098
24704
20131
2341
8348
7565
25972
25030
24520
6080
31663
21744
9251
6730
16022
12771
32407
7859
16485
28014
2297
28356
21690
9459
32043
13603
20573
13822
30169
18978
13685
18080
23971
7916
19354
12523
20022
2409
5616
31824
13824
4313
25016
14782
6338
4664
22993
18641
23773
24492
14151
17378
21934
17533
9877
20149
10273
25620
8002
22552
24054
7959
21474
27621
10387
27574
19339
18650
7417
26673
16272
20798
25557
25347
6218
30308
28952
10466
14875
27841
19496
10418
29722
4165
20194
32486
3171
28558
7714
30578
2429
11746
29393
8003
9136
5930
31250
601
28192
10495
22515
22450
7800
11410
23929
3204
25782
15980
27136
25469
27657
25087
23401
5527
2911
13223
23870
27972
11212
2655
12654
28177
30638
31919
395
8245
8978
13986
25395
27813
6206
13753
23801
7223
4374
32245
15433
6858
32286
12745
11754
4346
11916
4049
5692
1632
16745
11783
7412
7296
17882
5862
31764
11292
16037
5578
23023
6673
915
353
23517
23135
28633
21593
23070
13220
5935
21269
12108
26939
16660
21566
25918
10151
32734
1764
15131
4433
14660
20690
11239
30284
14836
7200
13389
22024
24132
2068
73
23593
17988
18708
2525
15055
11694
11749
29162
31043
29730
2002
17445
10429
20668
6024
15695
13992
29215
5541
18441
25625
20703
1730
175
3188
16031
30830
8686
25544
7340
8704
19288
22480
30333
19105
12268
30842
13222
13707
28821
31052
10409
9430
9450
16706
29049
26745
14334
23041
14305
25800
23642
14789
28553
13275
4378
32369
31436
2763
23590
8256
8527
30103
13705
23038
21665
23042
5418
19208
22580
31182
5128
28985
30417
28517
1332
22505
14201
9979
24682
8965
25090
12617
3008
18294
27222
30650
32212
7425
21676
4290
32411
15664
26584
20335
9617
5659
27164
5081
12729
9194
1209
23902
4397
28829
12595
18468
30229
6999
4117
31896
7240
4259
3881
3293
19041
25728
12523
21710
19404
1783
29133
993
28937
10388
12483
31581
13815
4763
10768
15646
7599
6862
31379
27273
6197
5781
14314
12164
24455
23282
31470
16785
14229
25701
20634
19423
22138
16425
27271
5474
4276
29995
13628
17751
31278
7070
27964
13088
16393
18330
30509
19241
19367
2080
16384
1568
18955
20723
11355
25925
26875
1235
31976
5943
26955
28446
22749
18712
25526
2014
18253
25959
1694
15365
12146
624
12016
14401
4686
864
22807
19066
26841
11870
23635
27940
11451
25110
24831
24629
3831
14821
8375
9578
6063
14579
1860
22816
801
14920
6218
23487
32060
7137
11811
7902
9195
30512
3459
27614
25730
27399
20358
6335
20227
27973
1605
25717
4104
12711
9020
1771
26199
7853
8178
9208
12505
13731
32560
25078
1981
18471
10452
7800
8915
32739
26660
18995
6397
18815
2628
5544
29192
2850
2521
22510
30857
12334
23769
29130
15358
16073
19957
20541
8292
13119
3206
1879
2265
9336
4010
6940
5308
27625
23235
23225
18969
22568
28463
19481
14690
7900
10810
32234
22356
30867
9397
3674
24097
2138
1588
7538
32231
4023
3831
20876
28271
4390
29971
2601
22386
13752
669
21085
9471
6580
13072
10146
19922
15412
16456
25169
28172
9379
30489
22282
10650
30535
7304
27982
27441
2487
4979
4350
12623
23883
9675
24734
29057
5712
32496
512
27696
5177
23150
4973
10853
8195
109
11557
30385
15577
4277
8406
24690
3633
4516
30846
20560
30576
5790
1698
12789
9577
12860
11470
12930
9179
20342
675
29078
23893
8938
32731
11077
29698
24841
24391
30765
1465
4745
7387
11518
31006
32036
247
6764
20321
3667
8413
26439
12219
23353
8709
7813
31494
7931
19425
16680
27157
15971
11828
32141
21633
4916
5457
18006
23841
19861
17349
5538
3567
233
27233
20244
27382
1613
356
7943
12182
28844
1411
9377
5121
7375
11723
5836
31238
27825
9112
4451
16714
5926
4152
3282
28349
31156
18636
9522
7764
17250
4453
8439
27160
31739
30791
10909
28405
20049
30940
3915
10032
29009
20892
170
26627
27741
28822
21624
27356
14397
31267
23646
26213
14445
8948
27120
23148
2570
27667
8828
11412
1817
6803
20827
19224
16696
5428
15908
26814
28209
9978
1445
16485
20049
20904
17028
14663
2328
10633
8402
25185
5071
9635
12718
28329
19630
31338
25449
20720
5028
16812
18574
3877
8989
31071
3476
11021
11588
10240
26371
20730
1470
14641
3039
10582
92
15369
18606
22105
16175
31465
4971
6240
29737
23093
4374
5782
10732
25105
29452
15449
15411
23741
8280
20503
19614
14692
11880
21058
5949
18905
7372
12665
7512
20263
26405
2062
319
6370
26515
779
8575
21721
15450
103
15559
21006
26867
1832
9325
12951
4813
2534
4678
31585
27859
16543
15091
24289
22957
7063
10663
21749
32032
26026
19104
31006
25294
24496
19231
8176
4210
19687
31354
11162
10842
8351
19180
32286
10883
21543
31103
15761
9796
31717
19660
10188
861
7378
25053
20371
1062
1474
10488
30324
31720
27170
12217
29064
29412
3976
29936
25092
5888
8355
30221
1222
10674
4200
23380
15567
25373
9618
27114
22117
11899
14236
6093
26847
20420
32539
28017
19534
16316
27999
8760
17436
24057
17309
16414
5629
26348
26319
29957
27774
7058
22958
29982
10859
2915
23109
2333
2937
4437
6429
24581
11542
9705
9567
21296
17304
32542
16985
6249
17742
10104
24757
23233
2602
31708
22503
16983
3838
27700
4858
13883
11902
11568
20395
13736
1108
20287
31060
6797
24652
30604
24682
32715
16464
1150
18914
28309
18641
23118
2064
4164
1808
1552
24616
7981
4986
24546
14601
17921
4511
3622
487
7250
1573
17817
6414
3717
32367
26285
5572
14031
5268
11863
1681
16232
4055
8297
28868
10328
23601
26704
6176
13962
15511
4019
20704
31764
17277
25958
15231
27682
26029
7261
24571
11370
13382
32697
9714
25090
4877
29057
4026
12905
13822
4519
9140
15982
30393
5028
7695
8746
19449
26328
17700
29099
27957
1117
21168
17618
24585
8959
26142
644
23211
20684
14329
29150
28338
6070
30027
22774
15787
31446
20500
9454
24007
27999
18776
28573
21484
18605
8458
27583
5853
17812
16864
6991
8931
867
3196
18997
2837
22150
15779
24576
26773
25776
2699
31040
12057
13753
17825
8468
25358
32025
15125
7907
26172
5314
2397
27966
12508
6641
27859
15894
26263
26719
25376
27761
18928
22541
4216
27972
24401
2277
5501
7740
5047
1476
16930
8651
15995
22362
9399
14182
24154
15184
8462
22982
11348
29549
17626
29674
9469
3589
14006
15779
23816
2313
30410
3343
11729
19394
869
2223
16488
9136
21649
14119
2981
11847
24751
18726
7793
18743
4656
26104
15536
29292
22204
29198
21454
9426
6420
18572
8112
3832
25849
25398
19267
16930
1128
31414
24770
7991
7821
25833
14962
14439
7229
2127
8252
32048
12062
4937
28375
6618
32293
29761
31323
5828
18627
18586
18056
19739
19932
18822
19029
19721
16572
11995
337
14354
25407
29943
11338
23570
32010
30439
26321
27297
8271
17191
25148
8384
30176
2617
24383
25885
3307
29354
5205
8219
2734
20928
18513
30030
9419
19893
23927
20533
31821
18915
2280
28043
32472
18149
3899
13984
6282
19678
14285
4676
21289
20650
32517
18168
28457
13669
11222
10668
5681
17772
31946
20564
24655
10465
10139
24292
27246
13957
9649
19917
27634
12999
17368
29420
3360
28541
20876
29992
20348
8872
5345
608
13660
21062
4812
22565
1817
10301
2427
18169
13587
5777
17259
19692
30584
8718
4082
7812
16056
21863
4994
25267
7899
4731
9013
10646
542
20896
11190
22410
20111
11962
4556
7123
30013
18884
6846
23432
5897
10877
20217
31635
4095
25161
24794
11949
32604
18065
1434
28053
9277
15907
4870
14268
21898
8834
22154
23337
4071
13880
13520
8825
26828
27403
23785
29111
22572
65
31262
28858
27720
7211
6307
12648
31447
32009
10153
1071
22821
18622
3387
28733
32102
1407
1798
19705
12849
24461
23133
15412
12518
8796
1679
20668
11635
32755
1606
10547
32283
16840
30475
15609
11173
11375
19291
7923
4547
18500
10036
30980
10798
32577
9399
5455
16587
7021
12919
20718
5413
31899
25283
14709
22601
17493
22554
23947
7795
25269
7552
29114
12736
31368
12621
659
20571
13227
29713
12176
23090
26093
29264
3715
23655
11605
17787
17081
8412
898
28406
6573
193
9353
23625
27312
2009
32227
2942
19595
2863
32349
14773
20922
22144
13978
875
10629
12348
21410
32131
28782
275
20524
11929
26409
31189
25770
9651
15635
30451
9184
30410
4908
28508
17693
8224
15753
12228
9766
13576
26812
21375
3529
23417
9537
5317
24295
27623
15697
14442
3697
15797
31883
21464
20780
25854
1015
1312
6381
11418
25794
18081
12585
6706
6042
11040
2603
26073
16917
10386
24895
4975
8164
25924
30446
19400
2146
10568
26391
19127
23322
16446
18432
6880
7505
24827
15664
15358
26770
5955
22297
285
21449
3423
10988
6401
13674
3203
15301
17638
7819
24457
21201
29611
22
31709
8019
16544
32721
10043
25836
3895
13407
426
1955
11443
26687
13414
20389
854
9817
29795
11422
27544
3974
18102
7857
10632
21582
5748
17414
16851
22678
6547
13938
20546
15590
21572
1041
17347
3133
18667
32164
16608
1914
11937
27298
1183
2000
10040
6122
18619
18284
18244
29765
14632
12089
4567
303
26161
16940
30992
14592
27231
15236
1847
28641
30446
18441
8051
3742
29902
18579
765
19728
9415
10509
13510
27636
12458
16032
18083
9459
4307
19043
28543
16822
13507
7054
18813
29953
18511
23602
1701
29152
21103
15796
8161
9113
12657
6329
17326
3157
17062
22389
6237
17178
1913
21982
1930
12521
27025
32706
17272
7440
14045
5833
12420
20593
23
9367
25623
28955
31491
13952
11640
21978
31960
4230
2119
7952
5492
15550
3827
14921
23962
26749
10179
7224
17222
893
9752
19035
20444
8001
9633
8354
3721
7787
20572
26543
28668
13839
21434
6630
4255
28115
3062
4611
17588
15831
14169
2360
32413
4671
5201
1509
14470
10084
25482
17211
2494
20356
2357
11693
22960
26984
25034
25467
21205
26974
24505
8606
17301
6361
7942
24620
7278
14128
26115
1099
7720
29354
5822
23945
2288
4944
13204
23994
15624
31313
3845
16309
22187
9602
12196
1190
20305
410
29636
31084
22602
13859
29727
16968
23838
8532
28504
11307
4456
24450
7763
12784
13281
12807
14313
27105
25082
1669
14346
21789
8764
14116
21955
20440
18490
31812
2744
25561
26728
15610
25469
30183
26457
22721
8140
14563
26490
8489
23189
14734
19993
1053
21936
14305
20090
25217
12701
3567
9078
18658
14594
22239
6267
29924
26582
13627
26650
19695
8940
27098
7205
24571
2291
10256
25933
25838
4641
29453
8917
30067
29641
20311
8089
11216
5232
29555
11280
6537
7306
1286
31862
32464
26120
21801
10357
17757
32732
27424
8404
26114
18429
1814
23666
26728
24293
12573
6754
25676
4146
25183
9209
26542
28730
17687
2064
317
28077
6945
17714
6627
17872
1075
26082
13812
26527
6418
8187
29822
14149
18539
5345
6604
16622
6028
15389
23629
28944
4044
18790
4779
21796
22540
14504
29780
5248
3020
14932
12082
15014
5187
25894
24845
20104
7876
637
474
18269
19429
21593
30043
1555
27703
26372
27639
17738
22891
21910
17680
17836
26344
16529
7880
6080
4021
23244
18543
8047
29745
23823
8838
23230
19672
18410
4133
14431
5449
9222
16894
17462
29182
9354
8169
18185
23259
2554
19913
28698
30418
3527
23373
31189
24593
21876
142
6024
13481
4074
8586
18344
8150
30975
19324
25278
32704
24999
15820
28119
6658
12703
26104
13869
29436
7963
21798
21878
1735
13302
31002
26900
20090
831
18635
10264
26147
17491
29734
9336
6739
1210
10283
26141
13697
28587
7461
5474
30834
19540
22198
28512
15175
29495
20348
375
21578
1186
1466
13118
30612
28353
28608
27131
818
6984
18125
4573
32106
4905
10402
23961
1480
24931
22035
8829
30755
984
7465
13254
16057
2236
13492
16352
12817
6658
5953
32280
13185
4723
28667
3190
17939
22654
22385
22888
26648
20088
22262
22934
10155
4858
7350
10045
18082
1693
21006
27183
3620
6237
14818
16912
27363
3334
10657
24358
1524
30641
21700
14742
26490
6231
8335
27314
9123
31165
9695
3756
27903
6754
17933
19860
25462
8441
31745
27593
3986
3296
435
22093
4382
26282
28362
23254
28366
18286
13374
12393
23826
2693
24775
23045
19464
16189
28987
31021
15992
22754
14828
27384
26430
17302
29577
18648
5489
2184
21383
28126
22950
25730
17159
10400
28600
23511
15004
284
9611
1871
2701
32373
26742
16508
25997
25730
18282
14841
13897
19827
32059
1636
11427
15878
13130
30895
18192
17941
13815
6916
23589
17687
1914
10588
11106
26834
30713
17991
3879
8345
25106
16238
7465
12324
26118
24725
8639
24594
28935
23379
31980
7043
2468
10899
16709
22247
8459
31011
1626
14848
29983
3759
14520
23944
14601
22836
10566
26140
31521
25261
27484
8123
32629
6149
8077
12664
26989
17727
26359
2005
26702
13619
22114
5930
1513
8810
3042
23929
28337
29716
3841
26663
9719
14059
8106
29869
16864
9218
17914
23038
500
4274
17307
6928
24338
24903
22615
3888
22746
1650
19403
22300
15089
17029
20477
18312
30132
22593
24017
27372
32233
31678
7577
27059
15809
769
30821
1359
23009
32408
24886
26968
16865
22511
13544
7803
25196
17101
20339
20577
21586
1681
22687
26160
2738
21173
17491
23069
28865
17516
20883
24866
15939
26952
17569
22043
12061
16023
119
18023
13438
3347
1687
25912
31161
14830
30807
13737
18058
19963
22336
22541
95
1356
5477
18411
19608
18418
4818
22579
7321
24548
19981
21671
22077
28148
19944
5939
29086
32490
28076
24478
17639
15338
14232
32606
17220
24120
27886
19427
26817
31758
16456
2273
13333
10260
21866
18180
5206
29962
3938
12094
27540
32387
2791
4710
7819
24068
3414
21311
7485
24896
2741
4528
5269
26668
28159
11345
14893
14371
20112
8124
8494
9036
30935
12600
29489
19105
16855
11895
21270
30057
29125
26664
21744
3420
27044
18270
14341
1920
13818
32466
17840
30986
18254
4118
28733
26597
14836
7570
7131
347
18632
27729
31468
19837
4939
26072
27489
27949
28662
14469
25477
3031
8672
17356
21000
19237
2755
20189
16121
10495
16759
6158
30179
15969
7761
11137
26980
22618
11174
21644
24785
30989
28377
5343
2915
24674
3585
1971
6372
24254
16253
18337
25076
12993
31131
26485
985
18408
8304
30301
4195
4015
23149
27261
1294
14373
8706
26854
5248
32674
10613
26506
17311
9781
6153
17776
27464
7320
32056
17440
26343
383
28980
25745
14015
24564
10926
13456
30897
19133
28652
6067
6042
21154
17537
19752
9880
1917
27956
14757
20873
6668
13529
25018
9469
3370
7396
31136
16327
20321
5107
31882
9383
4982
24034
30820
14451
15250
5592
27135
8412
28544
6186
16971
7255
14958
10649
13093
26600
3721
6795
14582
28241
14425
2633
2068
3035
8013
9884
29401
19798
28704
26748
19784
3999
17030
4039
11765
27658
22783
7194
9191
19551
11680
3577
10834
11821
12464
16055
14916
30319
5850
28431
416
29152
30582
8200
5812
14602
32641
4706
11299
20157
32609
28423
26563
22045
12076
16076
1782
20676
5804
17392
31226
25657
4185
32251
17849
16113
5739
3290
29370
12531
23372
4303
23706
8928
16399
15236
12688
3536
3988
5325
27840
24182
17548
28097
18406
179
9949
18683
4864
7900
8421
14619
23182
22895
16201
2273
13785
2709
1437
22818
29320
23608
419
17325
24927
30057
26734
11645
13092
21317
9948
32182
26006
10616
21693
29957
25267
29733
20846
25406
13126
29068
21493
14848
8195
25348
30454
12368
11210
7062
16077
23322
11739
23348
3168
17710
31001
11730
5012
31803
13546
4297
11864
27681
1947
29574
3961
29133
27375
6473
15652
20208
15114
22314
19440
18369
31427
18833
28088
30529
9906
7860
26913
10254
24187
1258
16730
12718
28148
24032
16351
31774
16340
18621
9816
9448
17533
12489
6414
13046
22112
30990
18632
27409
26252
19987
24752
29561
18934
4629
21349
22271
9200
15791
1082
15890
16216
28408
598
710
28988
26790
3025
5421
27153
14565
1708
10604
7086
30083
8196
16165
21972
28354
21064
20373
27959
4024
15502
17275
6363
30327
18131
8358
17777
16920
24968
23366
10423
9229
4553
19093
15944
17598
16293
2931
31319
2488
15227
21162
29003
10008
24235
26274
28957
31658
1136
6983
11641
2459
24367
23673
25070
4235
15565
32362
32228
20476
23103
2217
14355
7015
21598
2266
23868
27613
11239
995
20687
8202
17661
4159
22900
5776
4038
22821
23704
12881
14442
22066
9600
16783
24359
13684
10665
23298
5915
3212
518
2066
30133
27351
5030
19034
10471
13018
19039
21121
15058
317
9761
5096
14226
29133
5762
22830
1388
17088
7791
24533
29260
4560
10317
29872
1541
32297
26279
752
7932
22355
23687
29045
30839
27032
8075
9373
7079
5435
7206
12757
16267
26262
8490
2242
13792
23798
19421
16702
30223
1330
22313
6450
29771
1255
925
4295
6913
13055
12590
3269
8138
19362
18360
14872
7916
30155
11770
14431
1348
23892
28680
26214
28735
22615
29878
4929
13162
15373
21052
12097
4275
7552
24734
32320
23907
18292
13803
7956
31972
8360
11389
635
11397
9839
29071
9810
11021
10581
20712
25791
1799
10982
12292
9879
24324
23806
32615
5625
13340
15131
5275
5059
17304
20733
15279
2517
20321
14503
4028
13059
23492
23814
31073
479
1049
18123
5627
20392
23879
8722
4467
29338
2702
7372
14352
360
414
21004
24146
6524
27593
3170
5005
13446
28625
8849
13666
932
17221
10047
18388
31262
1214
3358
31785
15754
19928
32217
31959
23126
1775
26057
10595
18412
12958
25068
8515
32585
27433
6867
25382
9198
8441
25808
20013
3370
29209
30113
18026
125
13271
15547
20789
13404
18010
23902
32744
1206
32539
32004
15813
4530
963
21850
15454
2941
5214
27618
29739
23835
21303
3326
10015
10813
13757
19769
242
21911
27350
10098
21569
12003
24967
8541
32342
32190
3806
25425
7768
27549
21269
9337
13919
14330
15886
23206
7760
20802
7921
32270
27652
10615
26807
30522
11075
24456
9157
31731
15909
17922
25096
21259
14879
2207
8984
13030
15305
19145
3613
19690
28895
32125
24546
15248
13656
17363
9332
6114
21472
24300
10467
1984
11259
18465
9491
22794
21418
1457
26071
11835
30077
15776
29365
6492
1400
23210
10034
2214
28422
16409
31463
6495
2400
8739
26798
20766
19587
30440
11683
29392
25253
26073
24488
18860
24250
13796
19776
29630
25569
1187
8323
10688
18144
26012
15423
4579
28078
625
29529
770
22114
25730
27456
2809
14710
11629
6342
3141
10578
6257
18033
21184
31408
4876
12317
32563
8402
1129
24788
23529
21313
1085
2639
5113
5532
22605
17711
27710
5892
22055
24840
4813
2656
20422
28719
23232
18654
15275
2865
5286
28880
9979
27107
22948
16476
156
11158
12435
17810
7980
12188
28788
29708
5698
3425
9444
6033
28721
21909
30921
8426
482
28946
11240
20746
4772
31123
30721
23871
1951
11942
18621
12728
1031
6197
26609
9847
29447
29933
4373
21580
6848
27878
3351
6483
16483
22550
13653
7338
3285
11433
17772
123
15592
29938
29615
2931
27030
7797
23635
5932
29026
14156
31635
15346
10834
5313
11335
16178
9529
29198
21340
538
15164
12608
7591
3867
31067
1246
21616
14671
4686
28089
20915
30423
18192
4298
4503
994
12041
14870
10012
24174
14793
31697
459
25314
8030
7278
21895
18036
9710
29933
9318
18861
17170
5461
10546
16777
15603
17073
18745
5514
20867
5805
23700
17022
5331
120
32530
16475
22781
29145
14201
15471
25117
10393
7108
4201
10543
2156
13026
24484
11996
10062
15811
2778
12630
13514
28528
31319
5172
13181
10562
1136
10252
26357
8679
7850
27554
13104
23359
19852
20326
21119
11759
21846
23625
1954
19092
22547
28444
27584
15570
8104
29134
18008
24826
31199
17169
13308
8808
10499
19931
13026
14159
21454
20867
7478
28698
2903
12981
25465
15810
13823
19943
20290
12119
14408
14383
17534
25079
29882
2812
21115
20332
4944
14577
32295
32365
18625
18125
26385
18152
30629
10655
12520
29156
31712
29258
1563
30257
14345
7897
24049
17527
4382
2942
10688
16938
9934
20134
18573
25734
15498
22851
53
20420
28155
20026
25885
8187
26111
26769
14599
18954
32574
23918
11609
30784
30917
253
2665
18995
13610
11061
32476
20363
1145
24641
9859
3763
16767
15843
16001
16819
1015
29500
10632
16522
22013
30383
14086
4225
22844
4620
8795
19631
9768
25191
13289
15971
12871
2509
15160
30762
15193
9026
3443
7464
29729
16375
6400
32535
6492
8426
10406
28496
8080
18305
3494
26034
12321
2542
3712
7888
18503
23736
2179
32489
18464
18978
22781
26296
25739
6088
8069
6804
4667
12073
25461
23729
2951
8916
20033
20321
10395
626
11694
19676
10760
14453
13333
9769
29621
10690
9913
6484
1058
10672
16167
26708
2719
3957
2480
8743
30578
10643
12526
5894
11446
9196
7364
24435
12333
1472
19630
28677
2362
7442
21572
1736
28353
997
1733
8127
21866
16459
13395
1541
3904
31725
13283
8911
7342
12634
16862
1706
9861
1374
7045
32072
8704
1792
16327
23312
9210
19590
17132
26749
14892
20379
1317
3256
16184
20081
6876
13761
13216
1343
3760
2351
3569
5777
12871
8274
1229
22269
17783
9328
21322
21287
24559
1476
9422
31755
3929
28352
12940
17262
10414
32221
4547
27134
25853
29813
23053
21913
32301
576
27677
2829
22937
32661
11672
2746
23292
11198
3477
3937
28283
6079
20169
8895
26456
31625
12915
28114
16264
6622
3849
27984
29180
4685
20515
26255
28863
25630
12569
13003
20141
25458
3727
2803
12693
272
7759
31499
27413
2607
16260
10156
24661
5822
28925
4557
24230
411
15522
240
13792
20760
12977
19957
24670
28832
29178
29698
2526
3050
21502
5421
6705
25654
27623
25993
13758
5088
12045
16779
14039
12498
27841
13863
2963
1184
28736
12579
18117
24962
19924
16051
13228
14778
12381
24352
28437
32571
10362
5160
30398
4443
4278
19912
23675
11996
10178
22103
3512
25493
5166
13181
4124
21200
2806
30610
20009
1646
24208
26946
9742
6750
13668
5802
4682
22914
16816
13322
23140
13678
27352
22956
2368
4312
1360
358
29218
28777
21411
3823
6192
7515
3063
21415
9412
349
18514
18996
27916
21199
13486
19151
10624
16855
16273
28430
11289
19265
20241
2553
3570
12031
15333
23288
1821
11133
24192
21489
15803
317
31933
9083
10926
12548
9801
24283
8287
6197
2257
3527
11603
29278
16013
15111
3906
27297
8248
31106
8985
29316
1225
26590
19798
1634
10579
21064
13457
17766
31407
19540
28192
9923
7415
30463
32427
24396
7613
4628
7852
32027
17310
6033
855
28898
19129
29352
10738
2270
18147
14854
7115
21949
6431
27952
4298
5759
14220
2554
12478
10887
13723
30246
23775
29068
27296
712
27621
18593
30120
6714
29974
8034
9470
28746
20538
19190
377
28598
23902
30922
19410
5662
23794
23073
21371
27016
388
24575
1030
24916
29784
23912
4165
28137
3648
15087
21039
20809
24774
6128
27372
24398
15968
16012
2106
14528
26880
23841
23737
6455
3966
25264
21392
17149
16679
5255
29400
5086
11216
8932
19582
15146
4749
14939
31569
22447
31851
209
15719
3294
5305
11008
19947
17939
25612
7687
3837
8514
4871
26591
14864
12195
6255
25436
25232
1917
29454
16368
20200
8572
7890
8722
32194
32569
20887
20382
25129
16133
5325
27510
14707
2342
18833
29172
6717
24812
28550
29293
9546
22603
31368
8358
6697
22587
11312
21346
5738
19265
21967
19343
27655
32763
1866
24377
24901
14976
24959
274
7152
23615
1089
545
7771
10637
15623
18522
13339
5605
19152
15123
11300
19398
28973
24435
7433
507
24883
11940
18154
389
28539
11225
29735
23680
8051
26156
2436
69
795
4091
26547
29305
8171
8225
5063
19428
3795
2058
9256
2216
7398
28081
19593
26489
26830
30077
3822
25831
22231
29538
29315
13094
8878
9963
26739
32427
25654
18242
4619
12359
24034
24315
32277
17576
16714
6131
11696
19150
25731
5393
24120
30352
10771
31574
29170
1940
11860
24277
19574
3350
20546
17412
3368
27918
25557
28642
1826
6112
5302
25562
13848
7597
31785
7827
29710
32057
18297
13212
8017
22713
9627
6203
31874
3254
20291
22497
8121
25031
8891
23737
10301
25993
19137
945
14209
7861
22560
27243
18462
30528
21405
9337
14730
20411
7211
28745
29896
13818
2978
29909
4512
22684
7165
11955
16788
4342
14157
30794
71
29622
29262
4509
12442
531
26092
9788
24219
25785
2856
19677
3400
17938
138
1964
26804
23187
8123
23583
10607
798
31513
32510
31937
11554
25794
10272
1914
740
9433
18827
25304
9408
2806
24295
11831
16829
675
29371
6828
22455
22761
26993
12963
18912
11980
1768
10925
28547
14345
31976
16277
4514
32262
43
13987
24229
23733
13462
1339
16448
22450
8302
25155
14742
22154
13510
32467
29309
10339
7441
31444
7462
21840
9437
2004
11563
15627
25608
4797
23940
21960
31295
32384
20950
3795
7294
20527
24585
18619
9834
21290
7347
27590
24707
28577
32218
18470
1933
22422
26832
3290
26828
31931
13766
12031
17461
19853
10989
19481
7835
7733
32756
8706
26673
5339
25696
1908
4668
23728
1243
7551
9172
337
2865
24606
1302
11844
7022
12661
9276
32279
22110
2489
8128
12930
5813
1828
30971
21160
20526
7029
16097
18342
15128
32084
29363
2607
26004
11511
15991
16605
14399
30516
9624
27368
22913
17475
11447
29407
19212
8046
4411
29430
18140
13576
23644
29411
28533
15342
18027
18953
21179
16581
26536
3739
3118
21334
29132
20327
9045
30546
32564
31196
8016
23368
14
17539
11290
14846
10844
23352
4231
19289
3021
6906
15625
15782
14082
16694
27712
7959
23393
4593
16764
30161
9418
1335
8560
24861
22007
30855
17235
18555
9944
20580
30702
2161
21784
14915
22751
16331
31280
8104
30424
14670
31576
28822
13392
6840
32680
12048
27124
25302
7030
11728
1783
6392
29319
17693
20312
16856
27198
25297
13043
15057
3287
12981
11492
1334
17455
14160
12929
1162
11630
17414
3549
27099
31186
7963
32453
2057
14880
10450
13921
18845
10385
27995
10956
26314
10134
9308
16959
24776
17583
2621
18702
21542
11085
5485
25229
18784
30163
7624
29875
24931
19802
7635
12918
15749
16024
11952
31674
18051
4474
32681
182
22402
20590
1144
617
3406
17022
2773
29957
27186
15326
11207
25283
5352
26103
25719
24757
25680
31126
14497
6848
3857
32367
21331
16963
29865
10927
31550
28004
27152
27910
21074
9428
31869
6325
23569
14030
26693
10293
28583
30847
9702
15382
1657
14742
24934
13548
16649
3949
1479
31576
31794
26218
30108
9624
19896
11330
31858
18932
23723
6894
19682
13470
19574
9046
2663
17222
23665
20065
28294
24085
21007
11786
22643
11837
21634
31856
26757
20374
17956
6754
17534
2124
26567
1856
16899
11814
31696
15268
23179
7431
25821
3592
23411
31131
24013
28647
25260
13353
16901
4670
18526
25288
24094
21800
3116
18758
15814
27867
18793
15870
8444
10160
25828
24962
18356
21706
29477
20973
20881
22399
12392
14801
4453
8165
11354
32182
3320
11060
604
12065
30039
20673
1774
9997
29520
17505
29150
24561
5236
28586
20092
31177
18569
27741
10705
13558
18576
3978
31014
28178
15037
32181
15621
27289
5901
11003
29313
12258
20037
27115
31848
14187
4024
6769
4567
26559
1767
22866
26835
15898
14984
71
22322
17640
2507
14583
8651
29624
4150
5770
30652
3906
27209
13019
9433
28656
7243
12200
25206
3648
13428
19417
28463
9492
5997
5550
11990
7621
14447
19701
6059
6436
12510
1403
9837
31483
14237
27707
27004
1301
856
15656
15609
13702
18769
12072
14725
9478
30804
8529
29795
18045
30654
12593
21323
15940
5387
20739
17550
1325
29262
548
21202
30684
15936
5766
22791
4449
11231
6167
27437
31927
3241
31759
26778
30775
16341
4794
13681
25763
16925
16507
2731
635
8686
13752
3818
17462
28035
1588
5974
15452
5725
29244
7345
32531
3760
5276
22676
3991
22069
2003
30274
11947
1028
22874
20554
21015
8240
22862
22484
28162
30793
11056
7072
17450
27986
21736
27587
28626
6833
32168
29721
26352
29271
24191
882
864
28024
1982
27242
10025
6779
15811
7764
28660
21191
13275
17995
12495
2973
16025
19487
17919
7709
9090
22898
866
28000
22077
25012
9703
12943
31866
27738
21064
17449
1946
23295
30942
29988
20366
17131
4516
30063
5705
27055
12337
1514
4157
23334
16297
4502
23326
27256
11863
29962
12232
18489
20571
21330
27629
23650
24759
18913
29771
15991
14832
23727
5402
8828
7110
12370
5660
10517
28950
8199
30971
27885
30861
14839
22074
10323
7485
20647
25086
8822
8041
30352
4703
29852
783
28040
20378
12632
18638
27587
5025
20714
27103
32114
31812
30557
6780
316
14369
21257
6282
26586
21933
28942
10102
25600
3143
26059
14658
20461
5407
23626
22682
8385
7990
23711
9389
2305
22133
26500
11824
8049
29197
28562
367
19471
13452
5114
23515
21158
19927
7454
31116
31688
23420
28059
2038
913
18878
8607
6004
26242
1020
28105
18375
4330
15280
30978
9479
8337
24203
10101
4933
19567
10419
9563
14599
15176
14498
21743
14347
9111
22108
1328
13240
17814
12747
11533
32372
16446
25813
8589
26772
2766
3847
25263
29562
30961
28472
8989
32600
15267
356
9319
6670
15022
5232
3774
2991
21839
4778
9261
16888
23636
15281
3142
787
1835
16317
15983
5689
11770
8001
17050
15050
31952
28119
25856
10770
14818
28469
19185
14928
12892
29455
14491
24
22960
30881
24371
23307
24680
9401
8867
6543
7703
15126
25241
27276
25976
20038
6204
16057
2930
11567
5473
16331
28551
22454
9432
13445
10492
5041
27983
2889
9292
7709
11982
5963
24355
16733
7295
6062
28354
20685
2534
10256
25535
16723
22497
20158
28986
28637
27665
11238
9815
25042
19036
8137
28019
16679
6457
13593
22196
1162
11554
28158
31469
32239
10426
28476
5219
15615
24279
17013
22126
28400
429
22614
20206
2333
32484
681
25996
3424
26074
5531
13487
3574
18521
8203
23994
10521
20207
2708
9090
22105
14521
9123
32315
32105
16164
32115
19714
4631
16616
4180
17806
6457
2683
21799
10428
2
11231
25549
18506
12338
18417
17020
4839
6889
24919
28637
14692
32040
32175
3693
13735
10552
29982
13823
8886
7731
22635
9195
21192
29190
12769
32138
17759
13942
17856
32591
17792
12270
30665
487
9053
29170
6710
31615
32764
16050
18771
8778
18390
32326
25072
2222
417
6562
4651
6654
5456
27728
20001
5120
25230
5646
7124
17395
12084
11910
13019
5539
24126
28358
22523
25044
21430
4305
12766
3647
27769
15432
28528
26839
10624
24015
5347
4057
10317
32177
5804
20010
22633
69
926
15473
22285
23697
858
11735
7909
5624
30002
20499
20825
289
22283
18281
31794
487
14656
28159
13941
378
14131
17336
14767
25660
16659
3001
29558
26087
25381
18556
7380
20401
3585
1438
28146
19409
13796
15378
25169
20900
8820
7548
24190
21118
29695
5856
9410
958
32422
6014
1398
22967
12043
9295
1522
3397
28732
15535
18687
6404
11278
3140
25038
18897
4285
5076
5658
14206
26663
5333
19881
12253
5232
2091
6665
29346
13138
10799
4690
3559
3729
29867
14373
9252
4147
11635
12470
21327
13465
25571
31431
25180
12224
2657
3266
25082
6731
23942
26306
3400
6243
15940
6240
32638
30254
1708
11274
1836
2306
5295
4813
977
27523
6396
9913
4603
19570
7454
21975
18536
22093
6214
20957
21809
25063
15977
702
17758
28397
9828
15169
28784
30581
27570
16770
28442
21449
27865
22870
31370
13876
24375
17008
4611
17624
982
31876
24304
3583
517
25953
25099
7287
3259
27900
25000
7937
16249
19989
1460
10903
29784
27053
6617
16799
21566
26003
14882
27443
16092
6862
31258
28771
9798
4987
16498
7912
19277
31628
386
8909
26370
4562
8028
10134
16226
408
23622
17734
17752
14179
25559
2351
17909
32118
10118
7077
6056
18466
32616
10697
27195
2235
28988
22677
28963
1117
12248
17100
1362
31561
20333
13113
14731
1229
27164
11009
9144
11941
3626
7944
1070
14983
12416
17626
5010
479
32549
7545
15041
1837
23839
23985
17949
19273
21005
3384
13230
539
23591
23478
13846
11841
22266
1209
17883
30877
26965
28370
16926
31143
2505
5594
29057
32070
11017
13638
11266
5690
1329
10441
25772
30007
9473
3334
20791
10732
1153
1193
13987
13211
23900
27871
31869
9459
32097
5558
1984
6455
10964
25544
11274
25959
2067
15131
16698
32081
30957
12066
14804
24181
1127
24771
21762
18180
9272
1684
31973
29196
8739
30454
27408
16621
14589
15934
12423
14375
22646
26112
18267
30987
7236
27705
25042
30454
14489
5230
2344
17276
22832
4939
25281
10089
10543
28060
30152
23801
1768
10641
8482
32200
8197
23705
24574
29693
16321
14606
1126
6143
13661
5316
7557
16485
28680
26388
30408
7699
13695
27323
20875
10432
7664
8285
30067
28225
13098
18018
4420
24633
926
20019
6140
27116
19653
21541
9599
1227
25975
5059
2199
19108
10984
13718
24935
20393
12557
32184
28698
1768
6878
15334
16285
12913
16229
13098
23416
28633
15996
5076
27148
1943
2282
760
5487
21093
12212
32372
4717
25411
29396
32591
14485
26216
4535
11320
21117
24727
13871
31709
14249
26897
5343
27378
25238
2472
7109
32595
17300
29788
27751
2355
14169
27910
32429
12660
29799
27686
1778
9308
26511
13343
2597
11100
20236
21893
23043
6528
28893
31094
32420
31887
17691
17608
32662
1163
1234
7549
11095
5612
29547
4838
30392
27078
28706
8313
7489
28257
18969
24655
1969
6534
845
27372
25619
24206
30329
22857
31069
9339
23167
26191
10721
6354
20460
19470
24555
3500
22650
26209
16300
32550
23412
27312
3701
28502
18799
25283
9359
22280
27892
25818
22068
17377
12236
14208
2824
24909
23607
27533
8259
13729
4604
27231
17180
3696
11875
16290
30751
31337
23344
23170
20767
32620
17951
15185
1246
15365
2706
16635
26267
29625
18983
26070
4091
19930
31336
3959
5253
22750
261
8868
32617
2510
3982
3446
28696
985
25519
13162
19447
3940
5233
25815
7800
30196
9505
16240
5951
586
5678
29648
4576
17221
8436
20821
16653
5665
28082
4105
2871
544
22317
1266
22813
20931
5367
8029
28715
13367
20252
30243
17287
4417
26710
17326
3158
1535
23124
817
21473
30612
28148
25374
3254
18465
17436
19817
18052
18576
12841
16312
10258
1032
26854
1616
18140
23204
25614
2522
1814
2722
16284
22293
29710
31863
3795
5426
16554
30183
24925
20433
24609
18063
32486
24870
18647
18157
4418
10073
28213
13249
25041
5460
29520
20333
16001
18515
5028
7519
9669
24887
2844
4174
3931
22108
22631
237
6806
14249
32526
13681
12200
4607
10364
12160
20448
19939
15242
11664
30883
20374
17731
27770
28483
27153
18806
965
8441
32643
7351
24258
12322
22892
1028
25882
27151
13204
4417
4028
16887
25784
12471
27618
1077
25523
21199
17982
14479
2802
21338
29697
7279
1200
2831
22403
8008
29503
24123
9517
24897
7800
32248
32341
19825
24859
24710
16504
13200
3079
30628
19815
26297
13024
12731
17616
32072
9118
7377
9491
16845
20796
25527
13297
27037
5229
9226
20613
30080
27558
12374
14532
27078
31696
15013
18487
29107
16836
30824
13504
1525
29645
20176
28903
1833
21550
21956
3178
15416
20454
17346
13762
10061
27555
20215
28217
8998
20070
22337
14425
2385
19759
29854
26626
1644
23783
588
1837
18942
29044
16663
6725
30076
28137
1302
13625
28698
26901
2192
19212
18523
27783
21049
25802
18162
28220
26584
17401
25044
18318
25846
11907
30582
6038
5973
30708
3829
12552
9827
32177
15949
23573
13593
12017
5541
20374
18905
29358
9005
2304
1624
6738
19032
5242
11927
27186
21793
2207
11789
866
17121
27550
32294
11715
13395
23717
7008
6604
25525
12673
18114
9888
11966
2379
22290
8376
24923
20220
10937
30434
9541
7484
10581
12492
24180
12882
22319
3920
7263
28452
24727
6126
12942
13058
4201
1957
1609
31973
22352
25763
10963
12508
498
28261
31443
27445
12328
19893
29276
12233
4670
18361
2011
4111
9654
32538
18439
6091
21678
3494
17763
9252
26409
21185
16297
4289
17547
22262
22361
23513
20879
16948
5573
27359
1575
13599
20971
28702
7002
3763
26262
21958
25407
1127
24180
28316
4960
15412
20355
30530
19473
17043
6195
5682
22461
24535
19794
26022
12125
10527
26575
27402
10579
11469
25978
26655
3445
18919
9287
2670
27003
12299
17046
20669
24555
24309
22595
21524
8711
15033
32465
63
20140
7882
1307
30120
11204
8943
21299
23313
5386
26905
12579
20040
1052
4480
14698
3029
6782
3879
28535
7611
10529
26699
24295
16576
11707
32306
9821
19
2854
5280
28102
13665
6547
9979
26709
22452
18315
20919
607
25356
18917
10628
25665
5566
3110
18321
9086
21851
8687
10207
23459
123
18988
11220
11883
5195
4271
1265
17857
21988
2980
27238
4897
710
15756
28256
4080
6376
20889
26455
22644
30828
18337
18635
22723
5465
11520
1577
5992
22310
18300
30130
12312
21898
5582
16839
4112
17146
28491
18750
21282
14955
32744
31147
10323
14759
22920
16729
28843
6163
23055
18484
29777
8730
13753
21571
20673
29518
15722
19419
18944
32093
11111
18211
29903
6441
10408
24936
15724
23448
4788
8305
9654
4261
1719
11347
17782
30359
31305
4183
2780
15898
27503
632
18187
17843
3579
30727
24476
22453
32136
6875
19311
14071
13230
1144
577
6208
12393
5219
6692
496
32362
13190
25016
17930
26862
6477
20711
9395
14729
7212
16261
29285
808
756
4502
23414
22485
768
10291
1538
7514
21955
4712
15835
14812
17360
22877
8773
9080
22382
11529
878
29310
31514
5594
17545
16727
23741
17336
15993
17488
9891
14393
17348
13796
21228
17683
8586
14897
8170
27988
28616
27754
31707
14294
28251
14259
32636
24125
10524
13698
7031
21796
31618
24537
19059
30021
17026
12843
22973
19343
18735
32245
11411
14211
19092
27445
16478
13587
19987
5475
14663
6416
14138
28575
906
2058
5254
13777
154
20371
25074
31138
22530
7666
22814
29677
4211
13400
22295
29550
70
10897
17362
28161
19060
15846
8923
9470
24673
9193
18045
26634
13040
25615
22511
16554
7494
2103
5149
7947
25261
28457
18525
8964
7325
20674
18204
13271
16759
13551
5093
19293
3937
634
13654
32326
353
25425
31214
10178
20971
29294
26310
1702
11992
9728
4364
20099
18275
22290
13847
19436
14227
26205
12672
29805
24154
6100
14839
22022
28703
11526
14465
22261
8468
25868
15547
19823
1237
30801
14845
19590
14303
26968
12195
8268
2779
24923
17850
1839
29203
26955
32503
11763
24118
23160
12243
1752
30931
10938
18988
11235
8352
16216
21278
152
22365
16177
26962
19301
7570
1041
21162
23600
6516
13182
13746
2501
5012
30990
18682
20246
29485
16560
5824
26809
26168
6512
26005
28818
14653
9422
29564
8554
31895
22550
18465
17384
1118
30102
30133
25326
8784
26544
29518
19715
7909
2824
25756
30365
3061
8393
2740
30303
4106
14966
15409
25679
14336
17429
31882
27359
6028
5705
15060
31442
3882
22421
19336
3910
23579
5651
3310
31824
12180
23309
26939
19217
2945
5768
1691
22555
2521
16272
13649
1067
17025
28138
16562
5809
29611
13798
25659
3140
26674
21504
4493
28970
22770
5707
29861
20997
27475
25556
17020
13791
30518
14125
14180
9407
13273
7057
30219
9768
19059
6734
6834
19972
2594
30459
1801
4241
20287
21733
10145
4665
9415
17746
22012
17590
13246
8069
590
32173
1687
22424
25362
23232
12486
23569
8790
23211
25027
29432
10162
21173
2151
25271
11421
12351
5407
23433
16800
17350
13816
561
6268
19618
26590
20290
19740
2788
8227
10609
30927
9311
543
3586
29924
18032
6851
14518
4029
28792
5427
27736
24835
22489
17079
19633
15909
13727
10939
31724
25314
4142
32038
30667
31318
401
8954
1341
10080
23304
9426
1535
20984
6900
12231
1318
12571
11173
15235
24858
4073
21556
27609
16969
5082
31424
4006
5036
13329
26223
18565
27617
14540
8910
14952
21629
12717
30565
12049
11951
6068
947
31704
20194
10747
15884
13487
3551
32437
24807
12158
14338
11412
30891
17606
29377
6231
17375
9094
28011
14776
9026
32375
2627
27186
12681
21669
15017
21164
27371
14412
17608
31883
22504
652
25185
28091
13473
2432
3747
19124
3235
18473
10013
13689
29537
8826
19091
14764
27123
31977
29566
9647
22831
25968
29240
32292
17342
16436
16428
11571
12428
29175
18380
30870
149
31019
9199
26436
17404
30310
21800
3372
27759
18898
19112
9018
183
6823
26773
23790
19178
9675
1310
6652
4686
32504
10629
6071
4407
25713
31383
32686
12494
29491
29922
16154
7967
22861
7931
7258
3057
13142
6811
26794
3904
25215
14750
32324
27824
20382
14896
28558
32733
25623
31802
5309
13122
27208
30140
21013
12169
4649
3673
6339
23957
5175
55
16917
9631
16793
21291
32216
10629
10266
3038
15983
15528
2277
18140
18020
4584
25631
26834
25941
29290
26691
22709
1095
3376
26922
2014
14731
32412
1868
14768
9171
12965
5303
18145
10734
2777
29868
28789
22253
15720
12198
29190
14468
787
5257
19879
17353
30878
2373
26759
7754
18062
27100
15251
28092
29535
748
5390
30280
8037
17684
20179
11707
28728
7079
18046
15044
17217
5178
3197
11735
14430
29966
14671
5935
27553
23036
30491
23918
3909
12643
4525
18968
6956
3643
27974
24431
14326
17451
51
24773
24097
1725
8934
23117
18249
12043
19419
29335
29183
15294
1936
21006
13854
18529
11774
18686
15457
21309
159
342
32504
10418
26153
16898
28082
31376
18846
20202
16891
5665
10029
7780
22891
17255
24054
1340
30412
5923
15544
6050
22659
14474
2810
17445
30878
6982
22354
7205
31219
6130
12483
9702
25531
21579
17384
27522
22180
26801
29858
3811
3895
14471
29322
26927
24486
26164
2949
28094
10310
12442
28992
28908
13714
20560
875
3459
19014
30428
4026
23147
29804
8483
10045
22231
30751
2240
13525
22481
9604
16153
16733
26640
20602
7810
11207
18773
6820
16747
13432
32505
23714
25210
4602
31098
28615
5604
25749
9612
10910
8628
1741
13063
13692
7499
30139
26992
30606
19986
17016
10742
8339
28748
25996
7003
8979
29015
13616
11243
30203
23295
20005
7311
10530
15421
6994
31622
28258
9243
13850
6497
29942
5311
10427
24268
24036
23188
27992
19983
27723
30911
3389
28019
24782
12994
9051
21155
28897
26412
10750
1599
23344
26529
12588
5190
16010
3798
24461
20061
5695
8280
15547
20670
12305
31088
30008
26059
14409
5384
32226
9471
14442
2767
21549
29613
1583
11565
2030
16195
5093
24421
2841
19403
21871
4413
28861
12647
5692
5339
29156
20792
454
12225
19685
6842
31419
18814
15572
22701
28386
26467
25159
26172
17498
5583
4951
30546
29773
5348
15751
10041
27166
5390
8648
348
6212
19021
23233
24296
1128
29272
17922
22775
31743
23419
12004
21795
12422
20290
16412
3906
24930
13795
7320
27878
16993
15795
22405
1330
16470
32008
22467
7746
12910
30377
8269
25787
30681
6142
25232
5552
6027
22732
2123
5625
18000
967
17436
21689
1305
32669
14914
25041
5015
18064
29153
8903
22319
1320
18351
25753
16414
15071
12051
13538
3894
22068
6483
21239
10470
20597
26474
10951
12614
2584
29742
12658
21718
23488
23098
24221
14644
8986
17384
22723
6890
5751
6268
14516
24105
3137
9810
4853
27496
10619
8238
93
12017
31199
19826
21750
11874
25244
6813
22627
82
13391
28336
12628
16100
10481
17072
2702
18313
7689
13135
13212
2938
6313
8637
8109
30123
31318
24886
24059
24400
12026
28252
4092
18113
32404
20183
23836
10047
24715
32482
26881
41
11068
6681
6516
18866
7132
18989
1652
26119
7812
14938
9633
15361
16881
29776
22980
6802
5033
31573
10203
21493
17954
14280
21798
3269
8331
12313
652
29494
11462
11751
22600
8775
6315
22397
29010
28891
30536
21424
2015
31302
14250
8208
19255
18602
21707
32662
2500
24384
6584
9232
15954
11008
12820
27829
32719
14094
14746
31002
22435
26322
14677
12687
29529
5126
19042
7550
3050
2350
1074
10276
11568
19225
6956
6774
26167
30506
3167
2875
8987
4054
32595
19086
30743
28913
3650
20429
22398
19934
8
17353
1515
24993
16374
21356
5484
12651
5599
16445
9119
26535
22563
8325
20778
20405
17461
8065
2273
14426
30381
1873
10541
26636
3880
20458
22627
57
21283
18712
29370
26637
2649
31381
7622
21860
18660
6591
649
15926
27497
2549
28396
26798
6849
18617
8210
8142
24578
23968
28592
15551
28731
22785
9741
31283
24207
22615
29070
17803
24042
26344
11801
6875
27716
14709
20072
27339
30508
11725
7159
8896
15225
20975
28990
24730
26925
20104
31830
19392
28900
19237
16844
29740
5950
5983
4757
4874
13470
9119
24363
18465
9076
28425
2760
31082
25501
2793
26205
2566
26037
28344
17576
9589
26355
4256
12008
14610
1326
24332
23157
3800
10667
14270
20760
15817
8471
10689
31833
24734
21638
1611
27556
6049
31280
3494
26208
31236
21128
14877
1810
22147
24961
12234
19410
2927
24382
13689
22606
10784
19437
31853
8532
12612
15548
9718
1051
25634
11967
7819
28174
5103
21207
22141
29361
27498
12109
15197
937
7448
19595
27199
810
4844
7280
9471
1590
6545
8274
3637
31161
14164
15337
28437
29339
17874
8637
18353
21957
19265
23081
32455
6340
12322
13036
29578
3989
14594
20489
10299
4957
2143
24468
6485
15548
11215
31120
202
31610
17490
4703
26286
28161
13373
20747
23734
23669
20954
28200
11020
32365
5
31678
17315
14652
18748
14013
21147
4612
1091
5281
10594
1538
15469
14616
32718
31973
24925
25163
27327
30664
10958
3863
1713
8028
3790
8202
11036
23483
28828
16104
17986
21853
9132
8005
4548
31056
4368
28534
30235
6965
2971
12347
11961
6806
2918
4161
24640
12285
11566
26988
24634
21803
18878
32579
22943
1622
8156
229
22891
19526
25043
14328
6302
29497
26079
28141
12986
31784
21650
6890
13538
2397
29078
23907
16625
18257
18474
6832
26242
10873
9058
13305
18118
10422
30127
21277
28807
31062
11139
17477
17541
11292
15833
10965
15898
21610
13515
16394
7312
21327
15551
23224
1733
14044
29548
3116
24923
21333
19738
17127
6839
1197
8606
22806
1552
18921
1716
21927
1539
24602
29533
12151
28931
6563
18397
7664
11303
3844
11010
23323
7217
9323
15299
8716
30462
17130
21200
4275
3916
6773
9204
11926
19091
22111
12627
2240
7490
2483
28752
20341
12009
27116
15752
27397
25572
16721
28516
18553
15449
12187
18271
26379
10186
25556
18656
3467
21983
25700
11686
12152
11846
21522
3805
29491
25916
140
14536
1352
31147
9764
9943
6981
9086
27831
6560
170
19739
153
27258
7690
25309
20760
14087
25332
8424
15041
5710
11230
20943
17718
31842
19058
20255
9750
14092
12673
24522
5506
14122
26938
15334
19915
10206
2903
19410
1142
7900
13262
15891
8819
20881
17746
11860
15791
391
4002
29299
8634
24356
4772
4799
31326
2222
3367
22087
4482
14138
6106
6246
29679
5692
24720
24535
25963
30658
14944
4921
17265
29474
32148
14443
8776
27888
8114
4528
5073
23383
27646
10272
611
26563
26635
20705
10311
31931
3244
3560
17541
8967
27199
8558
29636
1931
3588
31024
31351
15412
20123
16233
16536
2156
14301
11746
31750
11127
26310
3047
4919
22649
9649
14574
25548
12524
12751
26984
31579
28987
6756
16117
1090
17661
6576
5880
8036
32225
31527
31975
22758
12548
22395
29627
8266
6680
19794
3227
15728
17872
11098
18213
32398
25362
26379
20080
16639
26957
27128
27227
7527
11073
31838
20213
3562
20521
32232
14220
26093
32554
28663
29287
9633
15704
32328
29038
17714
30116
8033
23627
30045
27438
14033
903
18569
19908
12236
22728
20970
6992
20289
27364
28090
6360
11388
12397
2870
21899
28012
10976
12759
29439
26972
20267
11790
22282
32116
30474
30827
22413
8274
10669
27809
29026
3713
28778
31955
18216
13533
17918
28966
19608
20340
29203
6400
11388
10054
16053
7002
2815
16589
6462
4778
12908
8055
30808
12731
3655
2017
4080
10222
14459
12320
17227
12577
16694
4714
10042
8332
28692
26617
12766
16355
2326
24153
26845
18571
20570
32172
20492
32044
2838
1439
11011
8763
28740
7864
25941
19948
5112
16461
10696
15011
18886
10492
25088
18995
2103
7766
32122
32441
25199
1747
13400
14909
15793
26649
24579
9852
20181
21288
16413
28067
6518
16699
18665
30073
3324
21279
29047
29936
25878
15549
30831
4705
16438
21450
12025
3694
6483
17784
3634
11733
13589
11836
11397
8085
18459
7399
17871
25995
19927
4687
21523
32297
28829
9758
16141
13646
20507
21445
27750
26654
17317
24301
17291
9211
40
7979
7400
6539
16740
20794
28606
17667
29759
4951
28967
5307
21523
998
19377
30025
18279
5659
8584
7212
24304
5958
10446
6832
25674
23348
3258
18962
13368
29017
20364
19866
28803
24044
3795
32350
9343
22880
31416
32417
17923
19418
12450
10193
21520
2482
23375
30508
3306
7455
511
11690
16057
3654
13798
23908
11482
26466
12095
23
15980
20164
30228
23374
11854
14313
25008
5929
15277
1824
7446
27465
24476
19439
560
19020
2436
26741
31995
3917
10505
13723
30560
28159
16502
22264
21679
2226
6457
17317
11239
29934
1154
18811
26536
32034
2494
29303
1007
5233
20573
15535
19435
744
6570
14316
12415
16371
13335
2692
11783
28423
28598
26860
11914
8367
5267
23888
20228
11760
6810
12294
12033
3650
24498
30315
18140
28198
15732
16077
8739
23757
23826
28647
26117
8843
8519
28461
4555
31825
1720
25851
21701
6078
29936
25519
10539
3062
1094
20562
3662
16532
23007
5992
31873
6815
5739
2071
31466
16434
21839
31267
14691
25018
7018
4186
21668
2934
12273
8066
19579
24305
30471
7429
32362
13032
24122
3090
9545
427
24680
10068
8809
25346
23771
21510
2103
4863
27557
25630
12808
19510
18743
28275
1786
16339
3009
22074
9933
9535
3605
20230
15172
14006
13712
8820
12468
9525
30558
3571
10426
628
19012
296
15895
4125
6169
12144
11594
10236
25072
5736
15566
8519
810
23347
18489
16337
3067
18183
28400
9872
25558
8159
3618
31073
28805
30444
7357
26545
20530
18828
16399
28780
5271
4463
11550
21819
17110
8462
24214
28155
18446
16947
23628
16778
31809
21527
25676
6141
8653
21170
18568
11097
8558
3838
8389
15144
1880
18686
25593
9397
1258
25590
613
750
3128
19891
313
29169
11280
32453
30405
17428
7104
1588
28329
25372
2865
25553
26502
26604
303
29353
29470
23621
23664
23514
2258
21881
12519
26568
20315
2607
26516
25204
30167
16835
10160
24735
4840
5581
29346
8048
14286
4361
11867
7107
25906
21300
16272
25303
20834
8121
24749
18998
18302
26188
24553
23885
9168
22362
454
17246
32083
6731
28500
20444
15635
25536
11749
24643
3932
12645
6132
21001
1260
21547
29775
19562
6667
6602
17472
4011
19230
19147
6740
22349
14665
10553
3728
24403
5163
28396
1446
9236
22088
13512
28737
1629
8577
20977
23811
6401
18856
26829
15482
18487
26235
26762
6013
11968
6048
14341
29629
10246
21410
27394
32139
23307
32193
18182
31880
29381
3884
21365
29337
16234
3330
16555
16357
8953
12723
3552
8918
17559
17084
6419
2160
15952
5057
15521
11002
9661
29375
2846
12621
2754
931
6158
5277
471
5351
1859
28183
19871
9616
26185
4448
27728
21028
23004
15010
4875
28989
802
22556
28146
20343
24403
29330
2922
1364
5126
21657
17080
18
30380
21637
1325
2194
31792
32694
8853
12099
13753
14755
20302
13846
15617
23101
2650
20565
15488
7074
21128
15675
8824
11928
20392
26615
25375
14586
22683
23228
17022
13240
16302
3450
26680
23070
12183
7940
32150
19280
10204
1228
13425
15141
7704
3306
5618
30866
23312
20898
14174
7713
26086
10529
22506
3230
11758
14012
7915
10388
26906
21265
21788
20603
5179
24317
692
18386
19250
31483
11337
5019
30405
23158
14046
1618
13164
15015
23935
32498
1340
22613
23659
8182
8460
21021
7732
10415
7200
16408
13043
7652
6873
26335
24427
14819
17174
3701
17485
23276
31684
22149
32748
11946
24615
21143
31350
31674
6041
31419
16020
16468
4207
10870
27572
13973
9656
32170
29994
19880
1985
12669
20537
27922
29340
9016
21729
13103
2639
335
16000
232
14087
28156
24616
6056
27182
5752
26794
19530
20644
32559
14952
13842
7967
32019
14957
29083
16040
17010
7877
25589
12392
14554
10927
27710
6808
12927
808
32326
19427
17251
28599
30635
11035
8339
18788
32676
8474
24954
24207
8510
5808
16219
16967
2396
12646
23229
19908
15311
18632
27412
16749
14182
23521
27135
13904
24669
15623
16728
14149
15317
25737
9420
