30943
18413
29633
24465
32268
26278
31499
19423
24795
3316
4843
10609
2173
3722
24611
29534
25755
22920
18069
1102
15411
22671
24252
24625
901
26509
9920
15289
10344
29849
18205
5991
8618
16151
20976
4191
5241
16432
23191
5915
17353
24457
20621
31803
18174
4100
17266
18426
14500
22214
5967
1293
25459
17528
30250
1422
23718
20920
15364
19322
28284
16764
24341
9843
2922
3728
22012
27223
11736
1604
9598
10406
26719
26910
31763
3928
8202
6809
3454
8508
12974
2542
14368
998
7622
436
4702
13191
13382
14574
16343
3158
14658
16198
11445
25642
20767
19
1552
19886
5263
25152
13306
2840
2086
14639
4249
2358
24428
24107
14031
28537
15251
30847
386
16083
14511
14500
17164
30801
21609
1263
9256
5861
20998
17033
30592
16264
21848
16907
4653
31091
17494
7634
27528
2591
19981
3304
29988
11949
6210
21625
3369
22539
4825
9112
11419
8527
7270
6296
27959
25142
3473
21110
3101
29760
29307
5220
24741
3884
15328
11934
25904
618
20699
32145
26080
7667
25943
21846
16825
30820
14441
6680
31013
15797
30999
3694
10060
11906
1623
2253
32273
20411
18782
23943
2257
8422
520
4335
24371
12760
12884
25350
24332
22275
24822
26176
4511
14648
15796
15469
23280
28545
11336
26107
25437
4952
9539
3277
15325
23497
15702
2568
19122
10517
28328
8883
19735
20461
32154
15625
19348
2231
30626
32763
25330
22430
5061
2913
16354
12716
15946
6148
27490
9603
5416
13699
28999
10605
28587
5825
31325
5866
13385
20396
29835
10435
24354
23262
21979
29991
5235
15920
27206
27820
12387
30801
23381
27300
24892
32526
17356
10120
31616
25319
30331
10131
24833
19548
22067
3004
6768
25484
19034
9424
30601
5822
19664
18763
11221
2411
10299
27165
24049
6106
11843
23526
8515
26002
12901
18893
22425
22233
26026
6532
27273
7976
8501
26350
21340
31272
31900
5497
24909
22135
30961
27299
7401
19311
7348
17538
3545
28847
9654
656
845
26289
9757
26786
1510
26919
9290
20172
28223
4279
3902
21779
4229
14009
24620
11086
25143
17564
32375
27167
14409
25894
28567
20364
11154
13395
2142
10230
11516
741
17878
8043
20024
3100
21087
9384
19245
6801
30492
8785
10331
19196
7026
10418
30825
4397
32308
18446
19470
1734
21902
2885
2836
11206
3488
9597
30234
30958
32738
10429
26743
14601
17192
10068
22289
17406
3171
25101
27622
28253
18122
19351
29139
32398
27023
29715
13896
21081
2910
8045
19199
29994
26871
29891
30911
29097
20309
30860
24852
6362
22911
24365
21639
9765
31240
29498
9073
29759
12720
22602
15388
129
22320
24278
2815
2804
25495
27805
1050
30844
14615
21178
25404
17077
16777
10102
25310
10705
6738
23397
2119
17110
16828
29367
31839
3479
32203
27086
8144
18822
11259
8845
5757
6042
7489
13521
13683
21974
770
12909
20675
21354
7052
12033
15459
21894
9287
532
6341
29286
24709
31140
9392
17396
32584
11886
23959
6617
20200
7990
12679
17396
30454
17917
5313
24139
12657
4289
17703
17131
10972
3873
881
13941
23795
29681
12484
25349
13951
5297
19977
3281
8280
6492
5343
23174
15441
14332
18525
11186
4260
23156
7130
11990
385
3349
6457
12171
5531
14691
22249
4332
20077
2439
10959
16094
11550
18810
1892
32289
30746
12074
9694
16242
30228
21233
9316
21088
31191
20973
19494
10722
2117
2352
30496
3863
30448
22339
15282
16985
1285
11943
1839
21788
30593
22493
10650
29570
12378
8740
12964
26396
14008
4944
16258
7070
32132
656
27603
2709
30521
29260
3706
9634
24441
24317
28532
21885
11940
20400
20487
6407
27016
9326
23276
3975
8481
10302
7812
19167
20158
29877
18781
10026
25435
2208
32457
30141
8736
12196
24993
23471
27148
25856
2288
31831
32060
6259
23330
17606
30975
21974
31175
21884
32595
18568
11908
10329
3171
31667
19823
20489
12202
987
29533
15467
26150
30563
12002
14648
23141
14787
24106
22728
24055
11465
1310
15692
32164
27367
6559
25007
21783
5062
20246
28675
7883
23978
28169
27932
30952
8971
23054
29767
15141
6100
15190
20177
17826
25727
8750
7062
20167
15610
24639
8678
21908
16435
7000
29245
18744
14839
16532
25671
19576
6579
21809
18389
20029
21618
17964
6473
17825
8779
15098
9247
8613
679
20157
8989
7042
17016
3241
25369
13817
9076
25297
23521
27212
20400
30252
5063
9016
22335
15949
2855
23521
15820
27707
22624
12265
9412
24036
26605
19506
1663
11765
2188
24071
23743
20599
693
1935
26567
3441
13738
47
13929
31702
28677
31539
5634
5289
3818
32535
23789
7867
13976
26228
2063
27712
4593
9189
26881
23875
11483
14683
19011
5302
32550
27110
15626
6098
4787
17842
30936
20379
7545
20516
4088
12777
32603
2056
30437
31113
16622
767
27538
23668
7117
28533
13329
32063
2511
7956
9279
32119
26669
233
5711
18016
4228
28099
27992
19750
9116
3214
6241
18667
23671
20742
6166
5412
8061
6640
5851
22980
9383
6979
29055
2739
16087
19369
32338
3849
29406
28604
23189
15240
13018
11556
16496
21360
1884
22370
4765
23569
9683
32309
9591
27369
15439
16382
31755
30667
564
27753
9380
11854
19529
32070
22347
16141
15589
13736
20696
16304
4048
26254
8051
31605
32416
3408
13837
11898
8354
16329
25128
30836
16685
8029
22115
13582
28530
670
9682
14388
5537
20451
2708
21622
21733
11928
19434
8373
2533
15387
24283
15021
23388
15945
31681
5175
21854
21137
1779
1518
6390
3236
7410
8826
19183
22040
2950
20685
5431
29516
19194
16545
24895
17702
6766
31852
26801
25051
18743
1727
16500
23125
21324
30900
5184
11736
31907
31185
14392
8858
28264
10933
30377
86
26567
27437
1235
25093
27482
4304
5152
24719
30324
4867
371
30173
18664
7846
27948
3006
4527
16707
26739
5397
13591
6664
19761
29919
2275
5805
28429
2500
17198
16780
7229
3610
6486
5073
21598
6853
17853
11635
7140
20904
5056
24162
12851
22994
18045
28768
30274
5688
3759
21672
6163
17119
32454
21887
11485
32415
20610
24124
29428
15899
6254
1279
18614
26712
11458
16042
24769
29294
18965
30842
19174
516
6955
27566
8091
22073
1730
30255
10426
7676
12129
26178
21278
3353
13292
6675
7704
1865
1986
6411
18230
611
3305
29219
8364
11626
21216
6567
24846
7646
32141
30019
14277
15092
13396
7085
18727
29112
1483
3320
15231
11437
17471
13188
18260
6761
14376
31347
20020
24079
896
31053
22701
29294
14794
20009
13769
17367
9369
22578
3712
20246
31983
2557
1324
14627
18015
16977
4893
1913
27265
13
11894
30630
2252
17178
14425
13091
1395
30214
17638
550
27326
1199
9839
27670
14594
31236
26212
1937
5739
31329
11124
664
6712
29605
3802
25222
7703
7840
21306
10800
2746
5293
11137
29669
28310
28272
19895
26898
24011
4220
1954
16770
263
4216
4614
28381
7496
1351
15274
25119
3670
2069
21271
12140
12244
22070
18067
6156
31810
31403
5645
25977
13828
32099
15269
32105
21711
4667
11297
24368
8599
7038
3881
1339
8623
2379
15341
31987
4036
18823
30799
25942
17144
1022
14031
256
32182
25156
431
10458
18735
19076
20308
19307
32147
5715
16736
18990
17990
30738
3207
19567
11859
4574
22303
22968
32638
18261
22526
15111
9260
6898
17538
3454
30191
17810
9238
27128
20770
16477
15163
17605
4461
12232
6028
6772
25832
1090
18405
17325
22258
28572
15586
23751
11735
23702
21733
11735
22173
1321
5649
27152
2744
2649
6799
21486
2549
25047
2157
24875
1837
27629
28196
12924
14323
30828
10488
23697
20872
23620
15646
19112
10988
11381
416
23223
29857
13461
21134
13103
28793
17011
22001
31507
27200
22376
13878
19166
3143
16747
30003
10760
6644
11283
20554
30302
20623
14196
25670
31438
3563
31591
30926
29271
29095
13895
15301
20371
5517
32371
30806
4485
21879
12098
19165
14614
31308
22008
23860
17942
28793
26447
19803
15052
28236
27963
878
19384
30250
7285
30826
9414
4200
23404
23202
1494
31064
12282
1250
24192
18640
11814
24437
9465
9789
4417
26586
15396
3820
22421
8128
12839
24398
10718
1365
18970
10938
19915
27918
25170
16878
19756
17764
24537
19321
15707
16510
19366
23657
19187
22885
15160
8797
20465
29664
6571
19020
25622
9870
1650
1091
2328
21812
8246
3794
20686
22395
8421
20756
21948
27698
29798
8353
18086
31275
20784
20248
31626
22681
22460
6271
4603
11833
19689
9910
20727
18150
31851
8403
20913
23364
28449
12460
7556
26579
7366
15464
9630
22453
18986
15669
5598
22454
7565
22402
24833
23666
25418
27733
24632
13803
13387
22380
15225
20973
31586
15252
20026
28972
14374
8601
4257
27263
31824
7309
17880
11987
29595
25379
23041
19014
22597
28823
26512
30968
9071
27057
8689
5310
3644
14240
7115
31228
20580
30159
15365
9591
1121
9610
24341
10292
13495
5855
25171
23141
24763
13896
32277
25086
15160
10924
15316
4594
25758
26841
20003
14491
28687
14365
15704
1586
25285
10204
11069
1337
1989
15574
16740
16753
7604
15273
31393
11067
24383
28834
25739
11698
20820
2427
3738
21357
16686
27037
8380
28868
605
23858
18034
12650
20375
2416
17043
27323
26369
16891
2553
27260
14930
2029
10834
7420
1979
17925
18359
3496
20314
17530
501
15861
21905
31820
15499
8170
23073
22561
5236
673
29051
2340
23953
6421
21693
2046
27319
18382
18100
10527
1627
26805
32634
31735
15209
17561
20861
6527
2252
22018
31225
30761
4801
27464
31293
29158
1563
13030
24880
22253
12798
24977
9155
1329
6779
18298
20557
7335
23540
3810
18922
17233
11896
31031
12354
32210
16266
10400
29818
12794
27117
4527
13268
29303
16296
30031
26041
11808
1466
16173
26619
20836
10270
4958
8743
19943
6214
30092
1363
13973
19833
6240
28448
19524
15111
30
20951
9085
14829
16299
10701
31392
25273
1278
5463
22576
21770
12106
32268
29028
5829
14333
30958
29450
19963
22580
5733
27865
19452
13995
14710
15694
6521
6416
12651
2766
8925
11492
21074
22155
6324
29005
17214
21829
24871
4536
30415
13828
3424
22201
22450
8520
18834
23410
17324
8666
3477
28913
11486
20612
14698
6700
5584
19941
14662
26060
23661
8470
22605
20772
15927
26808
24415
8831
32337
15219
16904
30161
13085
29477
21683
32667
23276
27494
7109
21392
18441
26272
20748
6575
20915
26273
4660
22330
23581
10606
12743
7368
19515
1395
6085
17046
11065
30220
27320
5223
19312
22355
23986
28339
23269
7702
28008
30657
30439
22464
7917
14324
16690
28924
22013
9037
19556
25152
4568
15161
27352
25497
7115
29934
29110
4454
3943
31104
5444
29693
6274
19151
31178
892
25989
21465
9988
21518
3862
4777
20238
20251
5947
16580
10845
27623
20575
22416
32534
12568
26351
30004
18478
27279
9388
23035
18178
6753
7896
7112
12607
22657
15044
25543
26063
10996
11533
26027
28259
27698
28898
18260
12362
3030
20358
2332
27477
28738
11634
13740
1579
6869
29901
31272
32185
10034
7788
7727
27829
3170
16136
26477
30231
32081
5866
31193
16289
14078
13817
9804
30957
12128
684
2727
3619
20319
7023
27706
6897
2704
9897
30523
30364
11832
4383
11076
18785
18420
7428
15023
24027
32555
12548
9832
17222
30328
7443
31
12541
32750
11707
139
20457
4569
5341
31705
3210
22597
15030
18852
24092
20122
2324
13801
1820
2879
6375
16335
27125
29364
25333
4791
2376
7474
6824
23812
27426
18660
11977
14579
31240
31148
23676
7485
26273
1538
15465
24119
5754
435
27351
30194
7287
3623
16501
31683
2188
16141
10260
26243
21030
27215
5073
12825
18497
26148
27897
10362
15797
27920
4362
679
23827
23318
22370
8563
17395
9801
22189
16710
5993
3534
4216
32449
28452
30015
11947
7245
10013
8384
25532
2034
15969
3103
7177
25031
7468
22599
23095
9339
23785
26390
11010
17719
19446
9365
4158
5596
26069
13426
24165
25782
11173
4990
31310
14657
1433
10623
10398
25222
32519
29823
3512
28910
20828
10878
23644
23097
9139
23251
4104
10363
21372
7225
15782
5154
700
14628
11093
13846
2494
21407
8039
19105
23186
20853
9099
20089
10276
8492
1770
7787
20175
10521
31242
29183
15178
15482
11529
21440
7272
5597
8488
30999
30442
19299
9306
22818
29184
4488
9751
29583
30371
2879
30449
7732
1696
6488
14123
6909
6979
1158
12478
23030
24021
27362
26519
13624
18038
19147
2860
8265
20572
926
9173
14887
9124
9361
30504
16678
17060
19786
23245
29640
9184
7105
29300
23147
23914
11863
2448
10470
13306
14801
32313
28803
18738
11007
63
29380
22235
8364
17763
15672
19378
23414
29035
29267
24275
11379
23031
17842
26360
23747
23597
12794
16112
23597
20478
24853
30225
5205
2071
19546
24795
29056
11623
31454
24886
20561
5721
21090
16333
19054
9588
5216
28332
2836
9550
20821
19455
31461
10942
31479
16520
23193
18003
9107
21327
9479
5144
27200
16737
1281
18988
27465
16131
7277
28321
21185
9688
21796
3197
5989
11018
18915
12829
17406
1975
21902
31672
3078
10648
714
20129
26223
20452
9936
30175
21090
31436
3437
13148
32203
19424
1015
27623
11020
23516
29300
17638
14079
23439
23873
394
12508
32125
21327
8896
9933
3106
14997
19396
3415
31221
3658
28201
7931
10806
5953
23328
18013
23525
28095
23785
29531
13462
6381
4596
20281
30769
12230
17387
14159
28051
30155
5003
26734
12934
8041
26597
18411
19815
27676
22156
9121
22917
21895
20375
6030
17866
2977
15674
28498
10081
30336
1763
24405
27099
22551
7673
118
27990
21248
24384
12634
17080
23843
26537
14283
17511
28675
6767
13462
7239
8706
28651
19082
407
5507
27636
11055
27723
20812
452
11858
21478
16055
14565
32164
16726
14230
6131
11583
18883
18458
29487
25747
11969
19072
19143
10502
28168
7783
22226
4641
28047
1652
30591
4125
14978
22729
12997
30947
10477
13864
14994
8618
28057
13549
28200
14777
24682
3503
8974
16479
24946
22337
14352
32084
17114
18735
18750
9951
15048
18943
16203
32593
24208
1085
28607
5522
25640
21767
4970
23098
22863
7123
28025
29339
24788
8496
5517
31468
30380
13308
7184
935
27805
27818
11523
17966
19961
20323
17468
26512
29835
8992
10388
13354
30447
31735
20922
22010
16410
2933
32496
6776
30106
10787
5022
1870
27763
13400
20702
17235
21976
9195
29958
8095
8075
598
4078
3518
21989
20552
30541
32169
6139
7363
5397
21911
22408
23151
29468
20870
28509
4459
15869
30741
24698
5849
17548
6772
25487
3766
8930
21112
3517
12185
6575
21357
23084
18396
27949
24350
926
17722
8732
12513
12708
23815
16824
24671
18322
1804
29237
10553
31510
4062
5495
28620
30080
27507
30754
18573
20895
28871
14659
3546
14302
31956
2209
10755
21098
28857
21847
4465
19209
24793
4021
997
1153
23250
15992
1169
9480
24948
23076
12326
27423
32657
24326
15261
28540
27851
12147
28184
2461
18529
32094
28100
4751
7587
521
31146
16165
29604
14086
14982
1627
204
11410
17067
17733
1809
12652
18847
2828
2334
12529
25566
19361
23716
12441
19291
26465
28482
29260
14487
28821
28915
15609
11136
8983
851
24167
29082
26722
15886
16713
27248
15194
22250
27889
532
6596
21047
27058
27805
28090
5777
24797
5054
31188
9394
26789
17816
12009
29346
2302
2253
9327
12735
16430
18746
17082
5731
25481
31853
3827
6312
4563
29532
28978
24807
9328
25773
15989
9170
30083
15169
189
18980
18428
19137
3998
32649
14892
17772
27101
20174
28071
16420
8872
5386
2117
10280
877
12767
23661
19090
30563
24953
3451
25394
9271
15766
4342
15965
593
16662
15405
27410
11861
31135
21454
15641
466
21684
20759
23951
8675
29536
28652
8685
10379
4309
26598
22578
3073
14126
24274
24444
25760
4692
5684
24597
9987
32755
32584
1853
3422
22195
22346
30221
30229
6309
13780
4937
29844
17003
11049
19580
3731
5148
32538
13941
28886
19287
30299
8912
17015
19540
22299
31427
22374
17222
19556
23569
9443
28398
1511
17653
26248
18158
30649
16991
6415
31929
10758
6162
26621
20290
21033
22715
9173
7002
24725
30580
11687
32176
31574
2489
32016
29447
11243
9665
28821
6027
23152
17160
27957
26812
23011
6136
23625
663
22429
15797
30821
31361
22037
17000
27585
10815
12549
5559
26895
32391
9894
9878
5141
5695
22768
10066
9393
14378
1164
11735
14409
28355
32010
21447
2897
10172
32072
23110
1913
28561
30275
31060
13474
6787
11892
8217
1987
29029
26039
4629
21842
11919
26169
17984
15692
3458
28429
31656
31019
18571
19403
20198
12345
18955
17316
32721
10816
3664
24829
10551
7887
25680
3101
7662
4241
27915
16968
9867
19918
16854
30163
3537
23774
14235
18213
1779
1987
25481
3306
3186
22958
2024
23502
24039
2110
23561
10684
19606
11159
32510
10537
922
16524
29422
1040
27081
20793
20016
30933
13734
19078
29850
18414
32490
26690
30042
8098
30237
11802
24236
9713
4953
30581
16792
12227
1413
31637
7920
16391
26649
25428
31254
5922
22902
851
1617
350
29804
13084
20337
8531
31340
1431
13644
28006
27577
25810
20970
12264
1183
2638
23067
29114
4863
20173
17897
79
4614
4512
19333
17888
20503
25877
32630
16755
8349
31319
7116
6410
9813
22458
20414
2525
25198
22164
17992
16472
29216
24350
22141
20707
16093
24077
22643
12992
3487
7161
18900
6731
24253
3115
4646
20179
21875
11469
31689
932
22284
8426
15632
2739
15093
449
25293
10055
31363
20481
14970
17799
26312
11547
26751
14183
29417
24586
1149
21651
8611
5349
30817
29112
4277
30882
8964
13924
31676
17199
467
2612
474
18558
3247
24163
24014
17749
1650
30087
9232
15302
31682
21053
31478
23075
27390
28266
8913
29924
26672
19190
1008
19243
8982
22336
24003
1028
16480
12786
13128
3397
26557
1103
1217
27601
15663
10548
27058
26342
22847
31430
2459
25647
7457
32481
8259
16918
26637
25664
27482
2405
3929
16284
20356
234
20269
18200
18886
1624
14811
8482
28178
6930
26527
9217
32271
11213
19595
23598
3364
22725
10343
23077
21057
21177
10256
3610
30409
22269
11232
9286
15347
29185
24352
31181
19001
1598
5653
2290
7138
18186
4555
28617
16868
5450
31101
8760
24056
8212
23725
3126
828
541
6977
4195
6718
12380
13869
4233
28535
17479
25030
24641
4582
28062
22538
7067
10983
21200
4425
30723
15735
4344
16385
14903
4877
27602
25475
2924
1343
7098
29639
18238
1609
27054
25800
9048
13927
29691
12386
17915
10954
30556
31669
1221
15972
15008
1620
5445
13490
15738
21083
2648
17321
26375
11827
17518
25235
26260
10223
24901
10867
8626
22934
23784
23724
28480
8775
15292
20893
27105
3111
10419
14559
21958
29465
16003
14305
17820
21631
9192
1809
9404
25579
3293
23788
13699
28871
26798
19037
25231
20902
4501
32121
17951
20345
27571
24877
1328
27853
22883
17559
22778
19591
501
14321
21383
26395
26880
14722
20816
4540
29435
5451
3966
24836
3810
13699
718
31846
14888
20898
10390
17264
19502
13017
7832
18833
8604
14994
29569
28116
20691
5892
19733
18083
12618
17873
28938
32180
22051
25245
24835
16665
5456
1530
2699
24320
18079
17624
2488
20504
5484
7216
16074
31401
3475
28630
9389
7783
14881
9634
19212
22498
2562
25942
7878
1466
12631
4717
31810
29375
3374
7257
28685
12748
5101
32702
28811
30990
23856
12869
7772
25290
24797
10476
30268
9647
19615
10113
19713
16804
20581
24687
18410
12765
77
27572
14578
15099
22908
13512
28568
12004
10415
12771
20743
29532
18777
14645
26744
19712
2385
17083
18918
19078
31239
11967
20210
7850
32193
25787
28100
4196
27749
13016
11433
21318
16832
23574
24632
13462
6560
7101
17782
32575
10168
26281
11906
2010
14016
14343
8759
32315
30184
399
32277
12938
21272
2125
21932
16021
29765
11885
15325
27878
13359
10764
8032
1668
4107
29072
31764
11981
13281
15051
8550
20255
16234
7585
3661
8464
21458
19498
9771
28949
30740
2839
18190
16905
5330
11873
4217
13915
19993
9115
26964
13142
6465
12229
26462
1654
24482
20005
12646
27312
2744
31811
21451
2926
32712
17178
9198
8676
17671
8402
4707
31841
30261
24152
6606
32739
17122
22588
7644
12314
15290
2524
9882
3544
1429
15012
16365
9225
4068
4987
7552
30813
18463
10857
819
17614
26033
32118
910
11524
5758
23939
32365
19557
22708
14108
24484
17814
7923
12755
18449
6888
16435
2547
61
32664
29839
2194
32607
24961
2382
1378
16006
28334
1090
16282
30212
9490
2735
9634
20270
554
14383
26417
27516
26656
11483
3381
23260
20816
9242
25401
30983
30470
18940
31192
923
22458
18047
32220
17428
10999
3521
16691
21948
26927
25227
13648
25131
17093
28864
9696
21481
2810
28441
4953
26663
4627
24453
23059
13538
13800
27744
15592
27660
19174
26312
3094
6532
30336
10838
6862
30190
758
6647
28652
17299
9058
21216
16177
24322
9043
16994
25232
8990
10369
27115
26580
12573
15672
20170
1140
31160
21739
15034
23337
776
18272
4949
32475
11732
28430
11261
16822
25163
77
3370
30754
14226
2365
12152
10735
23054
2564
18644
10173
8327
19637
17054
18324
8967
19298
19068
23083
1585
18053
26681
16781
21247
16116
19899
26399
27767
12914
6282
26737
9064
22623
29880
3733
9236
18074
32031
13412
20769
32350
4845
17218
21017
8716
26530
1588
7123
784
26141
18427
2848
12054
31743
27285
9781
13611
17361
2795
10177
10380
21182
26684
23553
4738
23606
9326
28125
31940
24020
18146
24111
7449
1334
17305
11501
19984
8732
5024
7253
17700
402
28968
16810
8460
22439
16659
1955
3156
5597
766
11246
21390
20758
21708
27369
12361
17050
22374
9821
22259
15102
18438
8838
10549
30317
4032
13712
18604
13617
28774
31996
21179
12851
23732
19343
15979
2764
11359
13219
28430
8037
26880
9759
27948
5018
6018
32415
12614
8403
12076
10336
31969
22041
21951
4406
6830
27210
25481
31853
8137
31072
19592
14222
3385
26349
31573
15264
13849
21737
14336
9630
1322
20732
3018
8361
4250
12445
17082
31452
16837
6705
25792
11379
26139
8400
23545
23911
23854
9828
15869
27690
32119
16305
14207
13356
1289
15473
16313
24060
21
7574
7323
15991
14242
19064
17676
24577
14767
14033
3645
31743
17683
8541
1340
24628
7026
1334
28582
19454
19605
31044
1960
24006
9179
13413
8657
22885
12404
16395
12403
10933
598
6786
4797
28287
31870
31262
6250
32063
1184
17523
840
15262
24360
29273
23540
13923
25235
26928
7569
20414
1066
6142
17252
12162
17181
26047
399
8407
24776
5041
7355
22690
12212
11683
31732
1736
22750
30467
2510
24334
23041
7998
15857
27950
16144
30421
28998
794
20685
32275
12382
3369
22508
27412
19105
15593
6458
2324
11751
22086
17515
6687
2948
22512
28459
19904
17369
2366
29360
16817
26892
16453
8212
15462
31060
13821
10134
14829
8619
14008
11686
16157
10620
14218
30734
1980
27479
19856
30020
8344
5902
22377
32443
24148
3958
21390
15359
92
26528
1312
18789
9115
23864
16509
6415
21924
8191
16082
3895
5658
23930
6569
22745
25726
25445
7084
26460
1245
3214
7104
6367
10954
32463
31127
31550
18060
19084
360
30897
25259
1608
2788
13722
12758
1057
13257
717
2984
26118
17956
14918
9951
8895
28017
25139
17018
3931
32220
7393
17206
25638
14648
18132
12672
266
26145
8427
28116
6933
18746
21085
11410
691
1376
2641
30362
15030
9851
719
12402
12078
11687
853
30013
13131
18129
31998
24255
9741
30294
21646
27251
25915
23776
21169
14646
11031
17110
19816
1585
8600
15169
21481
8625
7347
32461
25825
18769
6812
11347
10253
3557
4545
20265
18728
2046
21510
7539
3009
29353
28564
12860
14266
22368
13126
24308
10308
13709
23057
20108
1536
7516
20085
15539
19349
29922
32453
32628
14363
9585
23282
27047
8998
25430
26917
19380
28198
14361
5179
1476
10576
678
3259
8175
12459
2035
2151
18134
21361
28862
30534
26310
28788
9103
20204
6493
22544
24113
14871
27972
15092
8119
22764
7746
23046
27085
26120
15557
938
10824
5290
20267
22776
16245
19690
19148
20436
14995
18015
17444
17960
8522
18852
20866
28465
18218
19743
27646
19048
12232
12464
9142
15057
10387
29107
17317
10189
21656
3219
25485
23799
32657
18663
32107
11464
12988
11054
731
9271
18142
14270
29613
1167
32723
15404
18472
228
19447
25570
15518
27809
2058
27538
29249
11401
2850
5734
15100
13420
29052
22956
25910
26102
20605
5083
17196
12569
4235
19685
4658
25658
27500
20012
21200
6876
5759
18215
29836
22586
8739
26256
14133
16138
28964
18148
26158
8890
32664
1160
22940
20747
28030
3664
25697
23231
23603
25331
1459
20631
13845
15986
20167
5612
4780
8460
18650
5541
24465
32744
2216
3944
10028
3455
23213
16700
31967
17031
27470
29964
14992
29119
29487
27187
22508
26041
32355
24346
28755
9796
4782
1060
9409
21220
13686
10957
16723
25356
19786
3471
17356
17536
21072
20047
23314
11121
13128
32300
13253
10022
23626
16623
17829
10240
21483
4187
30822
6532
31159
9960
6268
8878
4601
20445
26002
10680
15051
4662
25177
982
419
13957
9010
18106
11916
17146
26495
26660
25338
25638
15461
25926
5466
27733
24102
26074
2738
18693
9840
16035
26765
19983
28314
24357
16610
21879
6110
14437
18773
12851
20388
15370
4910
24422
19485
12930
14839
17309
15547
27432
12102
15829
7422
6667
9787
16240
8248
30762
20282
3824
2302
9996
17760
28473
19908
11395
3870
16348
12527
19984
14090
16510
27490
18875
21330
26781
15178
14994
29618
32170
31197
25624
11821
12224
12144
6836
20602
16659
30207
32078
15476
3665
12376
7190
8909
6965
25694
9985
26731
26192
21689
30591
3553
19715
21999
25305
24327
5404
10663
28633
23424
24652
21949
15873
2437
17011
22073
30266
5085
18467
4296
3685
10337
8914
26146
32016
31682
9841
4212
20955
21368
9142
12333
4017
27805
24470
8433
28718
12791
28728
7859
22566
344
24219
27392
5617
15330
17919
10950
25674
26033
29670
16371
3240
11803
15312
729
18219
30450
17903
3392
534
13518
27034
18751
30111
16817
31355
17127
9648
29539
5352
24561
32102
1846
12422
31237
1959
12346
25659
1893
9086
29595
5904
18671
3778
14525
8882
29545
11849
6318
3835
8761
27582
16404
996
5203
31997
1588
30647
15771
16145
19695
13969
17893
4963
26091
22969
17713
14104
22392
16474
3143
16871
23313
26114
21236
24132
26951
24294
28795
29229
3586
31389
841
32187
23307
26941
25968
30523
6573
18949
19230
15355
816
25904
30454
24908
4762
1604
3478
14134
26398
1741
17850
3172
20468
15043
1812
22383
29028
8018
3684
1185
15651
25480
16573
22962
31481
12728
1014
20944
22862
15999
8807
22319
2476
17445
1793
3136
5722
14279
16065
14450
30856
25999
15582
27804
20328
21594
11117
8959
20325
20024
27002
32361
24365
22161
27717
28004
26037
30325
8886
2521
16404
5193
5547
23737
7662
8828
13279
17006
8478
4911
19641
10271
19772
30859
13659
16072
26742
28700
3271
8593
25729
6795
24374
3478
6783
26249
21266
5679
14910
1159
3713
3724
12084
21390
22664
3925
24196
19869
16832
25183
29106
10584
10239
8703
2413
3440
27154
930
22671
25227
23810
2731
4527
11502
23935
4334
9035
18390
31147
31273
26035
4568
17580
12046
29226
24462
14461
29244
26664
16170
12899
8351
23404
26453
13717
35
7336
12965
8681
29702
21288
16613
14942
18712
8412
4196
23131
26092
5370
24171
31917
30191
20293
3076
3599
6610
26894
28295
3844
8587
22272
24575
1336
26754
3332
11731
8231
9697
9260
815
23658
21573
21546
12130
260
776
10502
31152
13652
20807
20271
17603
6640
6672
11769
23336
31985
22161
10324
30789
19676
12347
8695
11044
31670
4419
875
12045
10940
27498
8869
7233
14554
8702
603
27617
17102
10958
31244
18838
24012
10978
11253
7315
11675
20019
5023
19197
22012
28184
16165
26651
25305
21690
22721
6275
1087
26283
13565
31362
13022
17981
222
16556
9323
5554
3051
14371
24086
18268
3909
16980
23107
12323
29599
8870
29212
11932
13019
25997
17296
17798
3443
11095
31332
27809
27741
27719
25702
7233
10699
32425
24878
13567
31615
30799
25520
28851
17996
1030
17701
11676
9346
30243
16973
4343
31268
4620
32416
1337
4033
3097
6439
28512
14826
286
32693
8102
3115
8248
2099
4729
2985
22378
10165
13818
29888
6392
27699
24487
7099
22287
28579
27059
8659
24574
21765
28698
4968
13333
5098
2447
23950
14714
12301
29808
14911
21346
3615
19221
456
13955
2097
7758
18828
13859
28344
4409
24510
24911
21501
16324
13905
20603
25933
19377
5852
5844
1333
12445
14642
12379
30447
4870
16608
31149
5510
28133
6987
4155
23124
1742
27821
29209
9592
13115
14653
5222
27506
15345
3893
3011
29094
4191
30983
24926
12737
17788
10012
30197
24509
3732
28541
11268
23610
3669
15890
16574
16177
27632
9741
20569
15879
25120
28199
4143
9037
13796
14053
7991
5922
28920
31286
19499
20053
29199
30589
21747
28099
22429
13650
14521
16977
30681
4127
9097
12400
18672
24299
23018
17764
23241
26138
21300
15928
32290
3350
26937
23466
9785
10832
13272
25392
16438
27951
19229
6437
2011
4150
9449
27689
9095
5456
30911
8435
23905
17544
28811
30764
14700
14340
25902
26396
6450
23995
26454
26096
10816
9594
14337
30784
2174
16164
10056
3064
6460
29557
11676
13211
19400
24805
11992
11626
16803
3040
18634
5171
23611
23701
1084
19435
3740
27032
13706
10805
9387
9443
21541
28089
13370
31299
29196
6083
19416
1052
8776
18840
23789
4523
14314
7151
5982
20528
11479
29908
25629
2034
27016
11403
14074
1167
7936
26035
8053
24262
25465
18719
14909
14411
2872
17977
3072
2163
29412
803
4372
4911
12592
8533
9907
28186
12284
27366
29128
20868
32660
3191
32689
2858
10592
31484
30176
1659
14761
19794
1399
333
11347
17668
17161
15289
15958
17570
8759
31179
19771
31045
17723
27338
10383
26160
10984
7987
751
19628
374
5478
11696
21424
8597
28593
1490
16585
1926
5086
2048
1957
7161
20883
25616
3372
6963
20616
15863
19816
1555
133
26630
14815
15146
27032
17480
1305
25375
25674
28182
1985
23481
4205
13661
4139
6852
25017
24702
11080
15316
6753
2332
16539
17278
9071
2421
15072
5322
11978
538
20706
25717
3509
2907
16886
17272
8086
1159
1934
20840
24074
32663
29010
6551
12776
10545
7684
26342
17509
4313
29684
14380
6890
18833
2143
20515
30720
2794
20527
30836
13342
29918
28532
27110
10331
10662
5341
26058
29456
25284
29494
3483
22671
25746
27118
22050
32354
4559
22442
9946
20285
25489
27337
25529
18804
5974
15593
17056
15578
15786
484
17770
1165
2215
24079
24727
32351
19756
12961
1508
3341
31534
25346
15907
18884
14726
15621
21781
8997
31322
30288
21787
7996
16296
22061
28290
21566
3799
5025
32727
19113
18211
32034
28868
4294
25154
5810
19973
30990
19093
6877
20445
26353
4525
12183
3834
2004
11376
10577
14222
28611
9101
20021
18528
24189
2414
28027
28920
30574
10309
9699
7198
14381
20120
7032
15635
342
26246
17459
16943
17537
8876
29998
19412
31448
10636
26111
2895
14389
15801
29424
5350
9725
17722
10801
11982
3289
6513
26672
28761
689
25489
3180
18184
9482
24131
24057
23988
4572
13146
14073
21639
8792
1001
29138
20215
4000
28704
8177
17555
14178
12812
3851
30789
7668
21169
2247
28810
8902
8087
11493
7952
32665
19106
10482
20538
26728
18507
29203
24578
20860
29414
1615
31277
20381
31125
28443
8392
31992
9130
8688
14618
5436
13608
11853
30766
15094
10680
19774
30697
8611
29712
1721
14260
25878
18408
10622
20700
17476
30925
10616
18550
5954
11110
2205
20946
28456
31552
24828
7768
21662
6525
11953
3637
25080
9067
26183
29401
12643
12003
22761
21006
16856
7054
23580
2295
16785
18598
21695
3996
5125
29434
22608
9317
10039
20450
11258
24815
10454
9180
6103
20506
12187
6592
23124
26217
10209
28905
30258
10030
31587
28757
12814
1980
31281
25730
17061
6603
32348
31844
15518
19177
12101
13423
8864
28506
22997
19863
6409
20095
6194
20877
23468
22022
29393
19104
9390
27006
19
14632
5427
25809
12549
2226
7344
12653
7412
30333
11283
24082
16059
16115
2723
2041
5929
9880
3473
801
15186
23789
1149
1875
7544
20974
2407
30874
1337
10381
30076
30783
12392
16617
22495
14617
16604
1301
25240
16629
24195
4763
13494
19419
18379
6608
24267
4899
7417
27181
22228
7275
32437
19239
9537
32086
22215
31709
9060
13656
19
31699
9525
28646
11903
17200
10610
8771
14724
23607
16730
11608
9843
31534
17823
2868
13284
28347
26717
30635
10316
26776
4026
10426
32033
14970
31679
24891
15336
13768
10764
6156
27918
28587
28230
25461
22255
8976
18478
6806
11128
5824
22961
19668
11905
19103
27464
27539
18718
8278
4446
21143
25346
26166
7188
13693
30823
29064
28212
25807
6287
6567
29312
31585
27773
10097
18912
20801
22636
21144
16988
18520
24050
24165
23799
13839
18597
4303
20440
8856
20391
465
4234
28889
1821
16358
22583
11752
657
19968
1605
25042
17143
12055
23992
6959
27593
9080
14453
10977
15265
29198
10863
5624
31554
22684
18316
24885
32353
22901
22423
16520
17994
20341
12453
17020
14206
24887
16
17322
9977
22316
10930
10661
13097
29975
23326
20455
3651
552
14105
3600
1610
2450
975
15085
20797
15911
16573
3866
20802
31948
1489
1929
2254
18935
19117
341
11729
5853
22930
11509
10406
20838
12998
14028
11634
27263
1171
9119
17497
25256
22941
31747
25369
17541
6739
5285
10411
20012
29817
362
8854
21592
13844
30700
421
10965
15396
3555
30711
15183
2126
30434
11836
16109
32458
9827
153
2551
23935
31420
30294
12114
3218
31571
17524
26833
19983
28719
27397
28656
8264
794
27329
32686
11670
8818
5021
27857
15139
5957
2873
955
16841
7628
514
30568
7454
22587
22214
1957
14619
29089
17698
3519
20202
5939
19286
21940
21831
26482
14307
19649
25082
7094
8233
8230
15389
21445
31804
29481
20520
5426
14635
4915
19282
12427
6057
31309
4742
17359
3645
32307
30238
19410
2332
27509
30298
17658
12276
1500
30234
21363
25422
28061
11101
817
19812
7440
10307
483
14138
26306
30088
31317
3496
14103
7075
9070
26622
5803
21477
7883
28224
28258
5418
8961
27318
7528
28613
3409
31984
3556
21075
1321
29797
23332
14197
12821
12054
7160
28219
14495
7678
26090
5497
24232
9313
12819
17632
6147
10424
32094
21414
2831
11678
15258
7910
14624
16297
3459
28810
17713
16075
22374
2793
9202
11922
20701
12513
13182
26497
28576
11087
3703
22664
27220
28313
9875
14302
28820
24736
17758
23878
24106
14836
30203
3516
32751
20732
31147
4299
16261
25390
11806
21137
20245
18956
11568
18247
12963
18757
1583
13892
25145
20072
13283
19921
4631
17106
11952
24561
7169
21866
28747
5684
20698
26177
1413
1761
15132
23129
18092
8499
30723
21489
18922
25305
21183
12455
27806
11946
14934
3071
28043
30282
7246
8177
18175
11780
22579
22115
20906
15020
11562
28986
24203
13906
5614
25562
22476
18273
26210
19833
26045
13834
9189
14709
26662
18555
14883
29960
4583
6843
7504
12784
23808
24706
17173
16311
26050
29085
17210
23064
862
23094
21735
20547
976
2845
18905
29936
5098
15451
7304
21669
25287
11131
18404
54
8746
20694
22365
16882
18079
16504
17002
4643
25676
3045
2517
15315
27033
23168
17956
3291
21084
20885
18853
5445
11395
6920
20144
9345
13716
18521
4835
8076
31338
5390
8208
22492
27448
29911
2580
21770
14647
32704
29890
18550
972
31275
30235
14520
26191
7955
26934
30546
31778
30155
2291
13406
19713
21112
6549
13487
31679
26661
2581
3175
471
9234
21967
15737
919
30219
1971
14361
17593
28462
29071
2065
20711
17399
15755
4947
1624
16176
9927
6273
4833
6448
19073
11674
8527
26655
5103
3300
899
23371
22840
5421
23288
5571
2618
15274
13565
6656
9430
67
22075
1421
8734
557
6733
3968
26419
30975
31882
29945
15711
30886
946
27904
28965
1151
19105
15236
7472
784
12330
19490
31532
25067
25859
25746
23288
5113
717
6534
26417
4852
252
30583
17774
4610
31796
22898
276
6096
848
13414
13065
18674
23685
25519
19064
26350
20353
17493
29262
11952
19867
22369
26971
6682
30628
710
24290
25631
29216
25484
15313
22095
3298
5382
4833
15559
23759
24463
23706
14257
3891
14902
1777
2511
17417
27647
529
28701
10593
26136
2384
4171
25599
19984
12382
2214
7887
19339
26963
29236
161
5963
24639
4030
22208
29842
20927
625
5103
26746
24916
7057
7319
19959
25010
4760
862
23628
8582
9375
723
7952
394
25113
6364
13371
12587
11325
5169
24498
15454
6614
1420
20390
22765
647
19123
28655
200
6983
2998
3934
2906
24719
31995
32299
800
18605
503
17681
9880
7094
2456
3257
31082
21068
10585
13307
27923
12455
30687
10589
14324
15945
933
4900
26688
31900
4229
18641
23541
27435
11948
29839
1566
19528
25333
30186
7522
26853
18295
4451
17741
32430
10683
32569
19593
28913
32192
4711
26838
31833
2022
17043
27691
14087
1753
25631
26874
14519
17167
26956
11058
13435
16024
13217
23298
6433
6520
19837
29893
23190
25858
10642
30284
17570
9208
13295
13889
16464
31099
14771
24216
5549
15155
27056
30099
20201
28269
24167
712
22563
3804
11790
25876
20111
16194
12485
31116
6044
23034
26756
29630
25197
1421
3770
11999
31971
28347
5305
14030
16990
27688
1839
27228
3708
19219
6934
31492
30802
5804
15532
1341
4364
32668
11673
21388
10623
1580
27619
16496
7384
29679
31806
213
18634
3757
9491
18348
18927
12511
18161
12252
15708
329
14915
8985
2493
2730
24341
3744
19478
26109
4490
16214
20738
4581
5717
30535
2607
19917
5582
14421
32349
22160
23463
21060
9905
30138
21715
17827
997
25980
21034
5546
30617
4974
22615
31709
10821
13883
7573
19678
24175
951
10634
30513
22728
30619
6262
16837
2872
22668
10306
11605
32258
30657
18148
24151
28068
20630
20955
8640
1919
22421
10372
20006
26291
14190
26887
29810
2237
1040
1774
6565
30319
17531
4942
10614
15921
13612
13214
31639
12312
19294
17552
3193
32507
26369
18281
28874
14980
28858
4181
28523
5282
27142
21439
21662
9976
11051
17570
11848
6312
3731
30461
6209
32071
30219
1475
25596
22445
30210
14739
5178
18143
8155
11893
19187
19318
29608
18155
8514
21160
22846
7762
14830
31703
13333
29586
16670
25188
12720
16971
1026
21845
5994
23106
31494
1076
19258
5858
3629
20288
19068
15672
19867
18255
27048
17661
23853
29570
13663
4571
7297
6031
1919
30063
4674
21271
18883
29384
26354
27501
7761
2118
29571
18424
17471
9906
13098
15750
18076
21858
26516
24639
8992
21982
11878
19706
32755
18942
1162
14252
7937
21677
19900
14130
21718
30393
3171
29532
22426
31672
18634
9032
9340
28595
30413
15382
32198
5759
2763
16244
31372
22248
16701
23017
31466
30376
19228
22345
16519
3984
23311
21669
15162
11775
627
31231
4888
11201
13373
20154
19953
24996
7876
3366
3365
7227
15235
14203
16988
25898
22331
7725
23418
17611
12008
15198
17206
19332
30566
7159
5897
8577
19382
14092
18830
10255
15525
10728
29479
19111
29943
15040
19622
29338
73
27233
23850
12730
20174
2962
15811
5141
12275
18345
28604
28610
21227
28553
12512
2351
18783
12861
5483
24716
12725
32618
12139
18883
18067
14296
7970
12533
21127
29177
20463
8841
32434
6760
22429
8696
21602
8050
21311
6357
28245
21778
20282
14817
5717
26738
21712
28542
28021
26907
9715
5922
4060
21608
5700
5619
23046
3345
6237
9612
14108
26300
31546
22383
2976
2878
21634
20463
3893
3268
18259
16018
1779
1989
18575
20792
27824
29401
12305
32751
26437
4593
10721
20548
23423
10693
6539
21048
6762
17406
30935
10886
7455
4570
23969
15659
57
21601
2376
3727
29984
10175
4062
23234
16251
30634
800
23360
3951
23890
1669
10465
7705
14671
4489
27400
10924
22450
12777
31802
234
21700
21883
19977
25426
27065
8849
13629
31309
31548
26291
10155
6716
7064
21860
15468
31139
12
21883
15904
22702
9903
32397
218
14604
26220
2389
23737
13513
14273
9709
2635
28706
30234
31764
9530
14097
29323
13115
16201
3980
22057
28852
29552
23906
27826
24750
5853
18580
6791
24251
406
19621
14496
12592
30431
26546
569
18734
14099
28374
18242
31390
24924
5565
19158
26918
27286
16805
31861
1585
19501
24238
5603
3420
18389
9462
16831
2467
1973
11049
27384
30812
32200
5739
2138
935
6662
14970
30831
5203
31065
1315
2147
24468
13650
29602
15276
18077
19278
4006
1783
32160
23015
1583
7313
5420
18284
24125
15220
24359
19412
2963
13116
22038
30196
8201
24822
22419
7885
19158
23471
31615
5810
23414
21519
25679
15074
7510
11818
9459
683
18271
29526
13469
26635
21794
22694
17008
2254
23120
559
32049
20014
28653
22143
828
1049
12933
23441
13598
6272
17188
6011
21799
5954
19216
10456
17873
16575
2341
31549
2692
5913
11863
10936
22746
30141
30686
14765
18095
18365
1395
32630
16144
2075
28164
5610
22178
31380
22025
8064
22031
8690
18283
26826
31922
18855
14776
15058
20488
5300
26939
17683
11874
29511
28350
6798
15795
4021
4150
5267
3977
4350
28708
5686
4190
21858
21174
31174
25270
14655
11590
29507
3515
16544
31805
23481
9092
24180
14094
10771
3617
26286
23798
18210
17033
23252
24685
15952
16074
26571
3865
2291
14611
22861
7658
13003
28994
28049
28714
2099
3628
4466
11733
13366
6108
15807
4536
3977
5545
23287
17653
32075
27185
25462
4332
19722
9477
2880
20863
2233
31864
1379
26029
4937
20411
9698
21700
17314
28486
13118
19592
13875
37
23412
31170
3243
31192
31619
8345
17254
15275
12153
26291
4197
10455
32530
10068
7326
2965
1961
9264
2335
29735
25623
29737
647
8729
25542
2556
19068
18616
30251
13678
1515
25309
26782
2251
4641
26897
12010
18184
32681
2017
3264
16241
19461
1113
6385
7136
23574
20926
13982
6294
26378
32458
19528
13812
27825
5626
28823
1826
27273
5116
11469
9620
25722
17501
4609
17242
1994
5308
8182
587
22757
21751
22154
10849
29217
7288
14563
5528
19698
32725
13385
18019
26814
12069
31909
758
11699
29680
14469
25125
3162
18079
13995
18126
9805
11491
16327
25563
5992
26627
15434
16799
30019
22074
15480
10545
3196
24939
22466
9689
31013
14226
28916
25013
22905
18537
8770
25538
29554
29312
25399
20642
2797
3322
5176
17019
24279
19202
7166
6636
4369
10674
7023
18021
13856
4467
15156
29859
16221
20547
14745
11490
874
27498
14043
12787
1584
29751
6413
42
25827
15292
26095
26481
1235
3886
18421
26846
3446
29538
19843
30141
7627
19752
17214
16813
4684
312
21263
18362
22961
18970
14712
19035
27889
5924
25667
8002
30958
9165
15537
9482
29079
11835
28506
13693
17916
19336
8032
30357
551
32262
4555
23026
28162
7035
30068
13396
6715
20675
26029
24722
25737
9428
13651
8274
16333
28204
14069
13155
1398
22571
17572
4596
26475
18894
7922
30517
24933
23606
1564
24104
27002
7476
26888
23497
12287
17078
30903
30664
17563
20007
5117
28241
15411
3481
28730
17029
26217
20893
28767
6447
4235
19000
30680
10381
7975
4004
850
19684
19889
27344
9191
24207
13926
4057
4056
24574
19150
19169
8000
18072
17303
11399
555
2147
19332
27729
28979
5331
24795
1794
28365
2392
11591
24194
29006
27284
24920
3709
31233
3254
9580
13285
21573
20221
27720
18050
20876
1473
26461
12587
20311
12235
29940
1013
29446
19404
3691
25994
8032
5156
5596
28679
2287
17459
15375
10261
16382
23873
8307
7971
22735
7142
28512
23814
24592
6103
21008
30242
22164
24335
31402
1103
32619
4605
12074
3036
25384
13380
2968
21195
15175
22074
10223
1973
22926
11490
746
2303
20510
2135
21782
14036
22066
18642
4587
3939
1485
3276
18187
27280
27242
31758
17382
1715
29417
16342
16049
7092
1212
9662
1950
17863
21838
19690
22972
32231
9456
15791
20467
14697
24325
4165
20496
2440
31308
20317
12058
2819
17686
24247
25803
8099
14016
18772
21687
25522
29216
27421
31858
24946
9342
5086
31006
26306
6235
15476
15037
861
8868
24119
5813
28586
11701
1148
5261
26683
5987
2267
8750
21885
12061
23212
8877
22230
9522
20753
29996
17873
29056
16037
8238
24559
27225
7530
26445
10632
18308
22968
31546
15381
10485
17331
24894
28911
7185
16365
15639
20354
10816
5012
12563
9659
26971
2419
12519
19477
19665
19412
4360
24742
22909
23925
22959
6856
29135
11071
1077
1763
16945
30110
4974
30685
30662
6792
10116
9339
12134
1430
6102
2138
32042
31784
29163
11360
11791
10206
7801
22971
19179
17737
6338
5489
23829
19517
24390
4157
19811
27060
29435
4991
8971
31378
24791
5453
14028
20344
8189
21604
13524
29742
9228
15611
8232
23529
16716
2842
3262
12903
25668
20561
7167
16932
3685
12066
3271
2916
6431
28953
17143
9940
17873
15351
32063
31044
910
7107
27261
22797
3772
9158
25489
7477
11110
22968
31482
23477
5710
10650
3299
11844
16553
15143
10894
28922
27462
26814
15500
22489
16749
5849
8711
22202
4247
31087
5867
24532
1440
1686
167
130
32437
16779
14714
14986
27763
4311
26248
3859
21343
15629
25616
30762
19726
2436
22070
13442
1160
12595
21688
8123
2713
635
10921
1133
23858
19205
32361
23452
8855
4434
19709
20003
6939
24422
20961
17239
23497
16987
2709
5447
5181
930
8409
9692
24138
8397
9445
30666
11276
2327
6754
20179
15810
20082
21522
13483
8771
2994
30111
20051
25556
15119
10854
20614
14996
957
4674
21735
25926
9764
13751
22307
25295
8600
10696
25168
8585
27020
2057
11760
5299
15928
3154
6667
7073
1199
13558
21905
24411
7037
1833
27629
16720
6879
28002
26412
17005
16991
14333
6672
21057
356
28
32247
4732
21016
18234
28077
12490
29941
13492
12971
19384
18659
23406
19011
9874
1607
24871
9549
11810
24591
8386
24388
3875
30645
22974
9170
27529
11356
5792
13891
6577
24593
18272
16508
21701
36
4796
7491
14478
5337
25981
11483
13656
20964
6779
21002
18408
10694
23769
20120
9277
18492
10243
14689
25523
20607
7295
524
14362
2947
32322
24158
18828
20608
9236
29118
4135
17370
18584
15639
24556
10278
7699
14697
20330
1030
26404
7298
16627
22080
16612
23969
15084
3081
19402
25523
21286
279
27410
3580
23806
29966
4038
16151
22564
19985
28446
15174
19741
31975
27192
9067
27284
19299
6537
11512
28323
20737
15629
19055
30772
23155
29054
13830
32647
17696
21862
29530
30613
10900
10150
18933
20016
2377
26075
21104
25582
23955
5806
15574
19363
370
10449
32712
20779
2335
31572
32347
10107
10834
15667
6033
1920
9499
12068
4207
14510
20504
32019
14986
472
12587
8647
16667
31497
25831
16829
14829
10988
10175
4174
19191
31532
24279
14483
1800
26876
14076
30846
19145
31983
32470
24961
1570
28066
24681
22795
11722
23266
2386
11851
25875
30332
7144
19120
8670
13763
22515
27592
27321
24449
19094
4798
11679
27077
13875
943
10026
24551
1679
22472
10774
13639
9068
24284
23140
10868
23158
9459
3323
4382
4085
19336
8187
16607
5178
15332
15178
5669
10533
30404
29226
29426
7330
28765
17313
21974
4251
24784
15138
29816
15234
9839
274
29457
12240
19756
15310
30545
14638
6474
30192
4968
16548
27859
27256
14799
5033
26537
18576
11319
31214
18058
13160
12410
24429
12807
10646
27420
19966
11601
28387
17976
17348
21802
23967
16888
15878
10378
9152
13070
10299
25022
11176
27429
31576
27833
6520
19485
14497
564
17077
12063
16784
32472
28791
13469
826
11062
10152
12004
10030
26869
23391
286
11686
18685
5084
31024
25217
20074
18258
13724
27636
14349
10400
20640
30018
7349
31694
23954
25654
28331
23134
4422
18711
8926
20331
7358
12097
931
7890
5657
3470
16723
25177
1754
6705
10131
23893
8109
28467
7263
17992
27996
2237
29185
31259
21588
9765
28599
6309
9754
8863
13710
20615
31362
12328
19906
11101
13042
20197
21821
25899
14112
18317
9126
11884
32030
3701
26998
7737
29556
24944
17460
28657
30090
26567
4463
10953
18921
7490
32092
32427
11181
2952
26181
32713
15783
18396
31950
4169
24186
28143
1104
26281
13926
1735
18850
25106
11209
16670
14566
24598
4047
1183
3655
32382
11546
25522
31857
9222
14426
15784
6204
25492
11949
2385
29667
166
12445
14964
23619
23759
22015
6398
5973
9937
6275
2910
1172
25159
31442
12205
11421
16188
7648
2685
27393
25981
16023
29447
11967
7587
22497
18917
3610
32394
17006
7102
10424
695
6450
25376
221
31963
23016
23318
10282
7461
2424
27038
22722
28466
24081
26851
16141
7884
16314
7382
26641
21780
12826
27435
5012
6817
6247
15920
578
23989
26668
18530
20592
16288
31481
10980
6760
30214
20352
2661
13272
30505
18872
2932
10438
12404
26011
29951
25481
30787
14606
29390
32418
23613
29163
7852
30242
20665
29631
14589
7328
31816
10620
12867
4207
9410
4206
17070
21565
15422
19649
27156
31542
27246
11625
31401
12367
13775
28792
3154
886
27130
21961
19831
31585
17337
21002
23913
25723
26005
17665
4321
17147
4106
9156
28713
26604
3103
9451
3587
5908
17707
24639
26087
28523
9792
21536
15160
3485
31155
9720
23648
27521
8564
26838
1528
2869
27604
26333
1996
16371
16535
9147
1546
14585
6867
25345
11117
14759
24313
29237
18767
3832
5323
23967
13370
5922
22233
31963
14112
27890
14831
11592
30417
25597
11514
11947
7962
7103
22412
20434
6947
30021
22233
119
24771
18479
11304
16791
16223
13895
11061
29735
24431
4104
22918
2773
28805
22899
25474
5516
16895
5268
12389
31681
32686
8972
16108
6070
27877
24597
23959
5843
12201
10346
8635
18803
22041
15468
32463
8569
20110
31281
29583
245
30378
21760
10889
18163
15651
32458
16955
31653
12195
14818
22657
22155
30401
15209
10741
12752
28693
8797
23831
24030
25795
24227
31137
26130
21368
5548
28648
10289
28408
456
17838
17895
3320
17615
17004
29722
12781
24897
10086
29708
23581
12721
14552
6985
16
27510
12453
19373
9592
14362
3783
21890
8356
10334
30059
28504
6783
17902
11700
23963
10175
17280
14081
29670
22282
29929
10069
29300
25373
11347
8540
22912
6762
24670
24639
27950
16138
25280
24590
545
27684
23918
8152
26544
12575
13236
12418
323
8321
7903
2475
31497
13990
632
29098
2713
27815
4092
12931
24305
19267
28407
20104
26478
8737
21079
3283
4228
341
10269
19565
18018
5679
11115
17668
21816
294
15703
16212
17217
9165
16717
684
14743
14583
8620
23754
6134
24973
13273
6135
1438
29392
24066
29730
1647
15863
18367
28146
27328
14400
10395
11233
750
31057
496
24888
32662
5162
3486
12588
2297
20015
4335
23408
15238
3120
17773
6605
15992
3440
21686
12441
22125
14148
2084
14273
1732
19579
25313
19999
8009
18525
3520
26471
29018
28570
9481
7434
23049
17575
26391
17192
21421
23807
13867
2604
27487
31037
15739
7052
11899
26511
7936
28444
29876
29387
11025
12671
11717
12351
11233
28149
19622
22431
9666
3701
29617
12074
12711
1236
20287
21850
9530
22885
14149
15841
16946
32412
31671
177
7797
28140
29666
19809
17657
2867
30289
25015
25513
17888
7989
8906
15679
7192
11295
20425
20580
10253
11536
13462
8376
20833
32242
22796
27365
8259
15934
3355
17222
32706
27706
31899
32334
26781
17919
6616
1899
18865
20825
26175
4147
13116
370
8900
3782
16750
14696
14781
26764
584
31167
16054
27360
18204
14966
27679
6853
12260
21216
7256
30710
1102
14958
12981
11178
25407
5261
4164
7272
19382
22224
7972
9533
29279
25500
14370
7434
22196
29823
29703
19519
4494
8170
29680
16271
26860
7337
18642
3832
24295
25809
12299
18203
32694
9337
23350
84
12509
15863
26788
9727
13158
19414
10741
17189
28639
16625
24593
6713
14352
24653
11351
21729
21079
29679
11002
16626
2233
1986
31025
14546
9930
25513
2954
21852
20260
26956
21315
4335
5514
21520
6681
8193
22982
3960
22699
26718
18718
28284
18096
6986
13947
7709
12201
12573
8998
24223
22056
31365
32583
23031
16947
19858
29705
18760
16384
3447
15970
23207
10968
29802
11570
25580
22822
2144
8262
5614
32028
29002
4044
27143
6556
31945
15205
4548
6245
11674
1217
15084
12506
24161
987
16403
24159
26396
1506
22404
24140
716
18932
24893
13675
14016
7590
20128
12675
24440
6071
11525
20185
25672
27260
11009
3677
20855
12557
3764
3244
11213
20411
17579
31129
1164
21186
28518
14177
4965
6316
5647
32723
16427
4470
11829
22616
14945
22374
15158
12297
28654
14676
24714
17022
2123
10957
20138
10846
8005
16091
28121
6412
2922
12267
7288
23265
3745
17502
17662
21891
20190
32606
18655
26920
7157
6521
6024
8677
25031
32648
24563
28002
24409
6843
7896
12448
9552
18723
19412
2209
22255
6321
16060
29969
573
12222
12398
14851
23566
15359
3054
22165
482
19872
4635
1638
23855
1529
16536
4877
25863
26860
10798
30620
17104
4662
17926
21871
16931
20801
24528
8605
4263
30950
766
14329
28460
25070
3137
7543
15912
1431
10340
3991
20401
17674
15299
9966
29926
19251
21269
10001
3527
14913
12735
18853
11177
15742
16428
11878
22887
19474
3489
4315
28827
6946
6650
8036
13888
19447
29074
30718
6403
16936
3430
31781
6967
25340
24916
1286
31636
23309
27591
7163
11463
32177
13482
23609
24852
17315
17910
29205
4878
8321
15770
4218
29821
32060
6130
22282
7321
23033
7256
1110
1686
6705
18346
4836
26121
11461
26928
8183
25806
15168
3707
1206
32682
7970
11624
19870
25584
20548
22134
7124
17276
15295
16981
1386
16313
11736
2745
12222
8193
29202
18675
29485
12266
27543
23535
20297
2520
24903
6929
7053
27125
11111
9364
12617
27374
23680
13840
8644
28328
945
8016
4210
27603
8693
11984
30905
23394
13680
5194
17309
5862
1622
13864
21087
6758
25293
18503
26603
8662
12851
29360
10440
67
20321
14956
22339
10117
20000
21601
2232
6209
8678
17994
23225
21430
1864
13530
8514
13615
19412
26774
1586
29159
6216
24779
31163
16705
27977
3925
24996
139
75
24803
3999
15587
3004
10600
15677
11364
11638
19906
9953
20803
17267
24509
4071
12103
32351
22283
27262
9571
18273
30024
27369
5151
15301
19489
26539
15112
21048
31140
21858
19096
31756
11326
17910
26476
14918
28105
32283
31213
31633
12341
12702
9403
5122
28092
3664
23974
5558
10465
659
14647
28861
13888
18138
25608
27495
5322
11089
31946
31072
21130
100
31366
13489
29593
4133
14913
14986
26851
25487
4434
17493
23899
16875
20716
30554
2027
3620
2970
30273
20169
18011
23353
7311
16025
21880
1884
17830
13121
15815
11586
28667
27501
31371
27860
7745
5441
13602
8840
14302
7261
28737
25682
31130
12887
16447
3302
8110
245
8359
22146
8604
16339
26807
261
8237
17825
1413
9859
1000
14913
11382
14760
387
6018
2904
29978
14550
7379
15052
24815
4564
8250
6514
26484
10052
11978
7601
10293
29852
25898
1022
28517
5992
28179
17619
14289
21847
32144
20100
1174
19228
28276
14647
8200
14888
14300
3698
10261
14568
11855
28084
6910
14127
17028
4049
3821
2852
3388
4290
2979
8471
7016
27007
15210
31322
22651
15386
10404
29372
28342
8479
21938
17193
23147
27667
29210
11016
27184
10601
1427
9695
11425
11716
27121
682
15648
17451
2615
24225
17098
5833
11361
20987
28244
32051
17000
660
24931
2366
7198
8468
28796
32057
27516
17334
15662
28578
20059
22192
32488
29215
30426
7297
7537
6075
10509
13727
32533
28400
1593
24253
10131
28972
7269
28722
10776
15448
4001
24243
4179
24248
10385
5673
12930
20652
31580
809
19695
2343
13500
17687
11506
7570
8021
23259
992
9158
23861
27252
16044
26671
11666
3496
12907
28023
29137
4157
28949
21258
28558
10327
9936
22687
108
26055
14364
21739
26622
32246
17661
24462
5673
7339
31946
397
32544
24330
17770
25962
19991
334
32480
16908
29933
5071
18773
6916
27452
24966
32302
16758
28805
25630
17148
19969
22310
19630
2440
30964
7466
3317
1187
3240
3791
22958
29149
16098
4905
12633
7914
18582
15585
9181
14199
8971
27261
25751
5484
11193
16715
21011
10189
18377
4081
27934
31688
16448
24197
13773
23158
7643
13739
5939
16573
32760
11859
9495
24879
375
1094
27125
9676
6564
579
7512
11705
4154
69
30721
22484
23042
1666
6172
6004
29497
25291
16766
21808
2604
30613
4251
26148
7963
23928
15847
20381
28548
5778
30600
15066
1095
5348
24307
30579
27689
18596
16712
11958
25760
7304
24717
27369
6479
22976
28663
5208
21716
20708
19477
16627
21589
24367
16479
19791
12371
16522
24101
9913
27368
27337
2827
18467
14641
31202
5483
27604
982
4383
19842
21837
29742
11366
31962
32020
837
21555
10830
8633
13437
13047
7453
3016
12177
1297
18394
24773
21948
29410
1823
22152
16391
23216
13297
22537
2163
22117
22780
14787
25040
29025
13247
6957
29853
4823
11964
30780
28737
27832
24996
12724
27021
26912
43
14075
28078
29390
23849
25560
19823
26916
3407
25111
1624
7120
18747
390
24664
21393
29958
5368
28449
5835
7042
8482
30013
16249
30186
12505
15308
7016
8168
22153
4841
11661
21513
21227
1003
1451
28982
21127
22053
25160
2135
19872
32702
14293
15074
5083
24580
24612
8955
16842
3579
9007
12939
5325
20591
26948
11504
3653
29351
4065
19253
15038
27378
4796
18702
4666
15465
16974
13150
3061
12562
16169
26231
13124
21420
2940
19267
24288
27969
9023
14031
11007
5824
16332
2796
14894
18343
24232
10078
12249
7928
31621
31604
15657
27737
3383
21617
27868
2542
10063
25364
4275
6386
1544
16900
20427
21754
15424
15468
7027
17441
3377
12647
3926
12902
25936
12115
12408
20320
21349
17903
10610
9138
22280
32494
27489
24385
20676
9279
32746
5265
31160
21514
3282
1517
25805
10510
4058
24017
32561
4085
20251
5965
7857
8053
25661
1726
29068
15537
20301
2362
2717
30902
8825
25491
8563
16742
13235
29688
25779
24821
20898
11570
19684
12440
6156
31729
25789
21883
7709
21819
14594
24281
16224
1402
19122
10112
5451
5580
12901
12614
8018
6337
21727
15043
1788
14748
20138
19341
18516
22052
3358
21076
10852
25373
9668
2711
24614
13892
23781
7409
27914
31627
13694
10356
7488
7401
13101
29661
26108
14306
12744
32078
25808
20899
31474
25382
30511
28154
5396
2795
32396
21018
18910
22931
28549
15644
19240
28290
22280
10392
24857
28860
26452
4526
31123
27537
9576
31217
27758
21781
11576
27244
1542
10134
9310
18673
26246
6744
11210
10564
1106
25205
19718
8109
21013
2485
28849
6170
6177
27588
19732
14937
17955
778
23090
15100
8608
19006
25123
7241
13742
28170
11891
20590
12665
20219
6038
9632
23538
3067
13210
26963
3003
23570
24942
20183
18513
32006
21449
25903
5597
2143
27285
294
1421
5089
28345
1765
23027
6023
17539
15367
8068
22202
31343
15216
30963
28390
25081
29268
13934
6399
20732
1307
25119
15945
23749
14125
9277
22255
16322
6579
359
14920
7527
11426
3249
2798
21953
8085
16071
7025
19432
12604
31026
31986
17378
23544
19411
16477
30728
3007
27707
22426
31413
23446
3744
1586
25485
25538
31272
10789
2830
1458
5198
11366
13236
19394
23140
31558
2167
26595
14159
32554
15097
2325
26046
23654
23946
26905
2246
22643
5979
6737
6259
25851
22456
9870
21628
19206
8376
16067
15915
17248
9210
10017
11428
27042
16505
31251
16801
31814
5010
5154
1925
21984
3590
30657
18758
13184
30488
27556
891
23910
28954
11327
134
12306
12674
2811
824
2871
4803
4231
12328
16350
9970
13730
16875
25646
15838
2063
24312
15573
31991
31267
11997
27115
27022
18005
13391
23079
4057
3062
29801
28121
28084
7809
28367
6000
2235
2099
6418
4453
19279
2054
5282
17675
30697
16076
7695
7690
21556
23251
29544
29066
24292
6891
23703
27409
26724
8023
26291
14497
8888
12101
2375
24711
4859
16802
17247
21391
32054
12317
7447
2652
25758
31428
13988
31281
24588
1506
72
17545
20474
29040
6214
24329
28224
31209
29563
25544
32093
10326
21479
16170
11509
14797
2917
12524
11565
15113
9474
20570
5167
26398
14808
25876
14903
7366
17961
22371
24491
2614
14237
17025
20235
9831
31289
1917
23968
25385
15172
9065
26765
16719
21335
13067
26477
19867
8977
21519
32204
10077
27886
8344
598
7155
18376
30635
14051
4551
16120
23683
19704
23645
32224
23225
23035
15841
16457
13424
17642
9073
10367
24298
9350
12033
15703
16303
11563
9018
25874
22479
13088
6322
30766
18168
30732
9465
10397
357
11519
30451
10082
27409
25914
32115
11677
15858
10652
3773
18109
18947
19973
22521
26551
28027
20336
7594
14709
26785
31702
21494
32233
30595
24483
29639
19757
4831
9042
12192
28065
10495
18067
9625
634
17050
13609
15389
27689
8455
3646
15194
12582
263
14784
18021
27860
9286
10274
11019
12488
25207
16693
15531
23727
15844
3064
6517
7698
28060
22353
13079
19166
28080
24302
32634
17343
2937
32364
846
14185
31295
23471
25574
17749
30145
7719
12643
14368
32740
11290
3383
15082
13079
314
11809
13029
8826
17862
8290
23679
19107
13581
8551
10027
11522
12559
28568
5596
32039
11349
23532
8014
3169
2760
1968
1972
23116
3455
15686
24380
6676
22273
19239
7974
21331
17378
28543
21577
16954
13263
10601
556
23760
2247
7876
2716
21443
24939
25783
28459
14972
17440
24885
7188
8787
11786
21166
31675
28993
2121
4680
28009
21793
9931
4797
3379
19851
8427
26780
9644
4430
14819
7511
29511
2643
7602
27204
16802
13281
13792
17757
11522
32176
28741
7900
10364
3538
30441
29188
8905
4035
28762
27546
2383
28325
22610
11085
7773
15781
27510
14930
3759
22431
17692
3742
19491
21593
15390
7907
2246
14862
19302
21343
21735
22822
29540
2019
8593
3007
17778
26355
14149
22928
14168
12669
9971
16228
31330
29154
21395
9221
27602
25687
15609
21619
4729
29646
32078
26669
6886
17288
15174
14114
29661
3062
1119
12671
13286
32557
12470
13825
17564
1896
2192
23869
5241
28997
8851
10082
20779
4732
10344
28655
27937
18784
28530
28282
23863
32574
265
11102
29760
27127
2887
3597
19412
31007
6918
29861
21914
20061
2994
926
6383
19211
26337
2934
16021
21985
25208
29931
10586
10329
17848
182
21402
20676
5706
9284
10214
18961
20009
11201
18798
5420
22411
1563
13058
31633
9322
30303
9866
30375
3977
17179
30226
18815
21039
26717
28198
10198
9823
18699
