14127
6829
12841
23441
13300
2668
32766
10312
17176
10264
27082
3951
27670
17148
22119
11866
27476
30753
4348
24993
15606
31429
20992
21176
19613
5145
15524
31709
18167
23535
26620
312
14863
25290
1923
1559
5801
541
24859
24708
19100
3723
28948
6727
2359
15506
21148
20757
32596
9641
21048
13382
1561
4583
30367
2653
11532
4627
22665
11769
26924
26055
10746
14892
24739
5983
12774
17896
21491
16909
5846
3392
2617
29294
19892
6136
19241
3889
3286
30828
7180
13495
11492
31743
29858
29019
21232
23198
26419
29790
8794
565
16904
18282
14334
16562
17333
22470
9891
22458
17183
31589
21402
19727
24491
1797
7325
13284
29477
12152
4324
4172
6212
28083
19554
1819
14314
7329
15394
542
21413
21404
24243
23299
31345
25550
3485
6097
23499
15876
7825
27617
12749
11433
26133
17375
15603
9302
23397
26732
20333
8661
26936
31900
6686
31587
30429
20409
11151
32032
27174
15653
25928
4867
31014
28415
28451
13297
26568
18906
9156
24837
15948
11949
10913
26211
12885
13565
1076
18076
1725
9221
5221
19349
16854
27024
11419
20565
15535
18034
14148
10769
27238
28556
10668
13180
14556
11905
20975
26244
8129
26211
12711
3271
32009
4201
9951
19927
7080
21015
8915
5513
31149
30929
8147
2487
4303
21699
3958
21116
32321
535
31825
1463
23756
1131
22962
500
30925
2911
16819
649
6417
2479
343
13531
15482
9738
12747
11179
10952
359
12842
16730
14234
3794
19832
21713
2990
10764
18183
23304
8218
20820
16217
13995
18755
31503
27871
18581
21567
9494
6980
23794
27091
23521
13246
19686
22276
29587
29572
1316
20484
27201
31219
27737
28063
11550
10663
20590
13983
15014
15873
27470
2503
3470
3879
27190
10374
5616
6385
12362
2127
19931
11156
12782
17575
20273
26944
14561
2828
26002
885
20859
10099
17821
1667
9981
21329
12937
6060
20902
14038
24217
24712
11818
30218
20721
19096
4914
1716
27196
24704
5680
25741
4563
27436
27067
6382
24154
15725
30622
25697
18243
18789
24928
7102
12202
3416
18486
1783
7038
7813
29811
31442
18188
12721
9089
15017
19895
19389
14348
24922
7943
20311
3342
23244
21652
24466
11647
15857
15538
30546
28678
24901
18257
25811
32063
21191
15646
20186
31212
10198
30217
28586
15542
11127
12212
30625
16487
28142
31076
12533
17988
15508
24528
532
10503
16023
23502
30299
1092
26233
14235
32091
11575
13050
2889
10902
9587
18582
16541
17089
18820
21719
14923
27746
16471
15414
8120
7918
20421
13947
4338
23027
7162
22760
3676
3652
22834
11608
12763
25662
20373
24136
849
5024
16790
5486
15172
5411
1999
29898
5897
4243
24065
14933
27723
2602
9257
10499
25060
5022
17647
21541
32163
13498
25170
12548
10626
20809
17171
24553
30001
2012
19744
14535
13979
16345
2568
24795
26388
3232
5025
28861
25646
18387
9355
31052
17703
20221
31804
29344
12617
22031
17284
21375
21766
8435
21990
6920
613
24237
24343
8206
15115
1436
6923
14606
26666
26048
22311
3548
6096
4536
30236
106
31418
30005
13497
2732
28795
29604
13687
21394
18749
29097
27184
19707
9592
2059
23645
8464
31902
11139
18655
31177
11504
32130
13110
19747
27181
26078
28420
4489
27620
6318
32588
29876
2779
28644
869
4383
14613
24329
28532
30452
12589
20262
27291
9342
5115
26542
6102
581
22118
6595
11217
32189
16271
26139
6819
1676
30609
2202
28031
1272
29788
4487
32566
30187
28977
28712
7627
14088
8198
15019
30719
25545
16297
15923
20176
31431
29065
5588
16440
21272
6196
14322
14962
19768
14559
25818
17790
11418
3966
22635
32633
9895
31759
22868
29776
26436
30879
14632
6270
13613
18641
18619
16239
17790
31324
23322
18029
30798
27146
27926
4198
25230
532
15907
16919
11265
16958
18681
4799
27940
12268
27712
3813
359
16821
1844
4579
5089
13874
12336
29308
18247
15730
19729
16991
11193
8530
24387
30235
6570
12810
32408
19174
6992
22051
20684
20362
18977
32480
27751
10851
4843
9846
19984
14161
26486
12649
5356
22764
8192
14664
27009
12769
31359
26170
4617
23173
29981
4129
13299
28376
20745
24398
14005
22886
21664
30646
652
26672
21132
5454
25767
20695
10745
29833
9838
17873
22999
27196
11957
11490
30612
27910
23176
29412
30677
4067
13455
29278
19020
157
3369
13865
429
22403
31667
30841
4795
31295
30574
8049
1752
2293
11641
11022
17279
28605
5757
5300
2763
23371
30104
31892
7584
14254
23328
15895
31219
1515
11746
5843
12125
16781
11795
8914
16590
28806
3688
32651
7250
7216
25221
25547
25962
15247
18387
9592
16009
23579
13429
8110
7006
27992
30911
6467
10110
660
6492
15829
5106
13672
5984
28997
11913
24161
26413
31730
777
924
16982
17665
32455
5295
11781
10032
29601
3121
6117
30096
30821
604
6287
31973
18880
9526
15103
3065
15659
1013
5362
23749
13765
19794
26519
18131
6409
19407
13261
3397
20203
25898
21249
13414
18724
31169
5054
29293
2978
4541
21646
22408
18619
11911
18994
19821
2407
1230
18536
28064
21378
21059
31390
21354
9678
10295
28517
8045
26868
5187
30487
15350
24552
6736
11399
11617
2607
12489
5843
10877
6100
2400
18455
32617
32301
3256
9272
13316
4430
28888
8544
21397
5513
10154
23337
10924
8022
30881
28164
29232
21125
26380
27279
5509
30503
16811
6735
2325
702
24275
16543
24326
22285
18332
4067
11114
26934
4858
2308
13276
3500
14703
31783
10189
8532
12742
5379
12730
18603
29336
12370
2957
1449
18317
17579
3645
7868
4542
29413
18639
19222
16385
16416
7267
29942
26648
13629
29497
25554
6761
13284
24156
15987
11270
31840
13123
10805
19960
10751
24694
2780
10999
6701
14628
13769
20472
18050
9551
2397
25077
15631
18124
22865
10792
239
26567
22430
29291
10730
5030
12577
6490
8365
25254
18531
2203
13967
15870
15467
28410
10052
8899
32417
16929
11715
12678
6790
1724
24021
7448
20145
3609
18145
13468
17716
5749
206
1422
740
31521
31013
3270
23582
1952
20448
9243
18028
2634
15731
1028
20620
26369
4501
3039
8912
22669
15676
24755
11793
2272
22930
24327
31812
1859
3481
24016
19401
8620
23950
18040
9469
11636
22565
3596
25952
23206
6895
7240
3151
28678
29016
6964
7559
15679
14083
29380
16185
516
9874
142
17915
964
311
3826
25559
2374
3993
15514
21954
3260
14851
23051
24099
3425
2717
26752
19441
26772
30351
24206
32355
19103
23560
23061
16470
4553
29018
28425
23180
26171
21259
14985
21480
27865
24164
18530
14822
20768
10806
25881
28768
29572
758
8761
28748
15446
399
5973
30682
14317
26217
19670
18815
23428
27091
26637
23590
31491
24168
18272
15582
22259
16721
31481
13307
25566
9331
13513
13472
7887
26666
19476
821
23655
9057
32046
3067
15891
1652
30975
29702
27612
27336
13646
16625
22888
154
22447
18467
18853
15086
32268
5598
23981
17642
10268
635
11505
22206
32670
12815
20688
16539
14348
19305
1268
27553
27181
31975
18964
9220
16472
5749
31489
23026
18972
9666
9492
25036
13941
25906
28063
9162
27530
22886
27940
30408
6335
29491
17194
17552
2038
26507
2280
23429
11897
23033
2812
28791
22218
5695
9894
7922
21466
21653
21396
27064
27756
17544
32001
191
21876
4193
11448
7206
11068
14799
29360
16601
10778
26006
32260
31044
726
29632
2062
27642
3965
9363
1536
15800
9290
17240
32432
9664
12193
17590
25188
18560
9537
30885
13875
31351
16404
13181
5793
18460
26525
12142
10716
26793
28117
6391
15696
8279
28349
635
7680
21627
12715
5431
28680
16695
23605
21070
21414
31511
16794
11835
29479
19784
2259
5484
3171
28723
18059
9050
2256
28254
8186
13102
14126
19987
3009
27629
26419
31755
27782
31261
25424
18185
21784
28417
20732
3152
1620
10200
8317
5196
15581
3872
8221
1937
6280
12100
29855
10270
26572
22557
10916
16234
28547
16599
14945
25517
19324
2429
2965
1413
10420
3220
7561
25924
6904
17447
6926
26291
18808
13811
3105
32152
18723
27925
10904
7937
20492
5433
1502
20201
19936
30908
21273
22516
31974
5141
8620
20323
15554
8982
19123
27103
26473
17501
28909
9174
23879
32548
26486
6703
10758
7527
32377
23146
1197
20094
26204
20715
11515
27132
23821
11911
26769
9977
144
15563
30712
26972
28082
3455
16639
26264
17836
30832
13622
10932
18444
18001
16224
27744
12390
19492
27941
18222
16235
16184
18801
23093
6350
9192
32758
9485
8915
29331
26474
11159
6345
20656
10865
32548
14996
30049
30902
10743
13681
22214
9719
14330
9267
19214
10087
13641
32327
14065
18851
4808
16336
18780
25095
2961
7631
20565
19243
14917
23892
31159
3693
26291
17815
3511
12810
2880
22828
1384
5767
22218
12769
1144
4121
14296
3624
2623
21160
22544
9350
11453
22205
26446
31751
2955
2164
5800
14735
8712
26024
10018
32087
32221
1508
31907
3615
14651
28803
25671
15073
25946
16480
1338
26767
12887
19198
12115
4489
28336
10315
29129
140
1251
32415
10749
27695
11870
15412
7374
20329
19938
3575
1451
22228
10945
9688
9807
18823
28782
32241
5772
27217
4860
14939
28905
4553
32385
2954
18379
10930
13611
20001
13054
753
18958
586
7147
2954
24108
24779
28923
12966
29022
11542
16653
5794
672
6382
25842
32720
26789
23005
5412
10645
10299
4803
4677
12567
256
26678
31679
23689
22522
12675
23528
1386
4993
9181
21786
18224
29628
1071
673
26581
7569
16257
30688
19030
8733
24478
13595
8149
9633
17732
10451
31742
146
18846
32550
26113
1899
12865
29962
4767
20669
23346
26354
17094
1271
10940
16519
8830
16794
2970
1078
19484
29813
74
10963
22456
7683
1223
17679
11336
19140
13786
12351
19714
30974
7288
23037
14427
10230
23473
3392
13086
8732
13641
9360
4778
1070
15123
6505
3225
18870
29672
17860
30036
3904
31192
2288
4066
4886
9674
16954
9612
20317
15204
30250
2013
30095
10115
21542
20255
18484
31111
17236
2576
18229
2820
30360
6747
1536
9110
8253
10384
18341
19474
1333
13928
8565
26181
24954
22096
31679
1857
23648
29785
15628
9923
327
11689
26677
3719
2577
10757
31899
27377
14907
6789
13506
24012
17451
11704
22989
22466
21495
22385
32504
7118
9876
4654
13295
27574
7447
9616
18454
21825
20072
23468
12063
16236
29318
4917
9035
16437
13822
25410
20723
21288
12493
5567
523
19127
22597
29741
32029
17149
5295
6487
18906
22147
26366
22095
9407
21543
5816
14361
10034
25962
13772
11481
10412
23231
27549
20102
25821
13780
18980
12907
14546
6023
26227
14518
4329
29800
32094
30335
20590
2868
20004
18014
30854
30943
13591
6708
27294
20000
19048
7039
28564
879
8290
10262
6019
30213
32090
19267
16443
8001
2102
25537
17003
14260
14766
9585
14967
7825
26033
28840
31944
23451
20546
31630
22587
12014
26277
737
12189
12684
3295
21369
23968
31802
30575
25841
20285
30959
21850
19537
1305
20980
3089
957
11098
18133
31094
823
23140
12760
6308
4743
724
29177
19842
22455
29941
11655
10558
31006
23500
1158
12926
12052
653
20911
685
23545
22623
28905
4548
7406
7289
30449
4766
26779
20397
4660
24830
31129
31600
10170
20968
318
20759
24870
9881
23725
9847
3425
13422
19605
27075
8174
7505
24642
25258
14184
19296
19311
978
4475
28573
362
11680
2419
14337
26303
18843
1504
27999
17000
3418
27668
28648
12379
25178
14474
2762
2174
13099
29627
19251
16170
6634
30088
1043
14523
14672
1543
31816
13418
24019
9623
2537
22428
26331
294
7944
2688
6475
24159
23034
27808
6854
24601
16675
15097
3239
28135
6896
9082
21923
28738
14815
460
18894
10023
11709
30280
17158
30939
7547
5456
26510
30718
25775
20987
1988
12460
3800
14425
12611
17719
30071
915
20021
16528
28671
3532
27622
27227
8859
13555
27200
12681
25198
22325
9382
25507
12535
27974
13140
7307
16287
400
20082
20293
26848
29352
10572
27288
30198
8127
32242
25699
23309
31086
31035
16212
30298
16257
29991
30458
25416
22194
26894
29448
12441
23199
10224
17652
8596
9242
19614
26062
22799
4515
1939
7016
4050
31733
21623
6116
20031
15631
25439
18027
15072
2785
30496
1880
24494
19195
23753
20620
27126
18627
12952
21818
31243
2126
22223
1553
1036
27784
7341
26456
29406
6477
19829
26107
5479
15192
25459
22089
6265
23869
11723
12156
14386
7573
25994
3895
10528
16428
12777
49
16455
19415
17904
25218
6470
32162
17621
12839
17539
15745
4355
14411
223
25011
22635
6886
13501
5770
5326
15642
8271
28928
23786
9471
16477
23110
20652
27324
772
18845
10287
19887
22712
19618
25958
21025
17908
14084
1487
894
2390
7876
29803
31485
11389
7463
17742
9567
14645
7441
4085
29026
13276
1766
8299
2555
27395
24702
7365
4671
8618
17170
12167
29604
27380
23543
27903
4451
11074
8857
3239
256
23439
12498
30032
618
15436
27052
25385
24028
13369
20453
5175
20859
9124
10015
15854
1905
17600
22709
8987
29995
2103
3341
9691
661
24936
5067
8788
22942
21996
18146
20453
31861
2831
11227
31428
12321
7277
27099
24163
2644
24204
30438
20424
3984
3539
28339
25718
9482
4258
19192
10593
17262
15423
30026
3628
8688
24023
5987
15889
29382
21121
18672
20978
9440
14850
6227
15137
4213
8464
22522
7005
17991
11935
28069
10792
22813
14639
28972
15351
29338
31581
14890
22390
19062
19578
4094
10003
7067
10226
15695
11263
15108
9309
32244
21999
4096
17863
18468
2058
9552
28254
6367
4562
13478
15967
3548
10740
809
13891
7859
10090
27153
9693
31643
18943
10564
28617
8014
22697
30139
29914
13517
15262
15126
20060
20891
26529
13769
24850
9683
24285
19885
22948
25139
24440
31297
31356
626
11197
22290
31630
18911
29622
31300
23970
22492
27070
25003
26387
22832
2705
26683
15543
18409
12719
11395
28627
25708
9648
7024
29903
3104
11577
18276
4863
24575
12855
31712
28519
2861
801
2187
11094
29901
32746
10633
1207
15596
21215
28331
19769
31607
24981
13327
3801
26973
87
9396
27330
6481
13374
6858
331
11919
20564
1754
7726
7346
9999
1670
28857
11013
30402
25315
23129
25312
14507
16195
1080
18792
4267
3065
15023
2631
25351
6217
7303
760
7627
10701
29461
13869
2836
32437
15873
3953
5588
26617
15179
28675
1647
8483
18371
10348
5782
2038
25122
20774
22631
6348
7440
15966
25908
4250
9630
839
31032
9413
20217
30441
2610
30680
21548
13064
5830
21387
9379
2947
5146
1647
9970
31250
26354
16797
32149
27987
9980
12797
12966
23169
8693
10746
13266
22081
29139
2928
8818
7722
6754
16294
22446
6299
3516
32369
1179
11974
3881
8892
5981
13269
5676
16518
22615
2799
6052
24581
5364
18051
24896
25173
5418
8726
6997
11130
9536
18235
6242
31740
4070
4112
26082
1331
4209
12977
21799
6363
4132
32715
5737
6686
28620
29651
16831
9818
10742
8276
4077
21221
322
20151
11948
22984
10020
25458
31863
3883
29112
13467
28251
29541
2284
24450
11968
31201
18172
31449
5101
21726
2029
1244
16462
31293
25690
8592
11366
14206
2221
13287
18936
32500
29991
11628
15067
18342
2604
6544
5065
14474
18769
8535
561
15383
10491
8815
19210
20226
22138
5560
16284
15034
10976
9729
21230
19354
6833
5968
15016
3307
15221
12269
11558
25951
29548
5313
12509
13456
30826
22088
19468
31905
24214
28499
22676
8936
27971
29077
5147
21289
25672
25077
26799
5090
2136
41
18128
23012
17190
4299
11968
31582
9266
9846
20547
13785
28612
1322
21400
24511
19891
29927
7813
29818
16747
31339
25289
21696
12130
28749
30181
25522
32679
19561
21105
17631
21063
3415
1591
15613
22667
27079
24148
4827
9922
15058
29801
27033
28632
31475
8907
6045
7974
16410
14802
18368
20352
8090
26114
19149
9238
23146
8081
7176
70
8531
11693
29869
14795
25276
26599
12993
19126
4253
28774
25335
26894
25832
27145
14042
26339
1750
5136
9337
12954
15094
4653
26469
14211
22657
6974
13660
21348
2443
22930
12047
13611
21348
3385
23151
31142
18961
31876
3979
14888
24302
31295
5410
11176
24618
1520
29617
15605
13113
6940
10293
26415
30177
13391
1350
1191
12089
1499
9540
24127
7431
30100
26791
32415
17285
31266
6824
23275
8694
18884
16170
9750
7664
12848
16415
3358
20322
19991
9655
28300
24479
366
3695
28295
3103
28009
15371
10937
9107
19219
1594
2662
23789
5377
6376
28598
18684
22145
1523
15637
1439
24921
15808
21067
1546
16001
9770
23424
2883
10668
12999
18957
29686
27300
21864
21721
19215
3586
16926
2741
12312
19521
31018
26481
29406
9953
11035
16897
8272
1901
10840
8840
27679
7623
8211
31937
2920
9976
11439
22427
11404
19298
23706
14215
13599
25556
12352
5572
13214
2666
114
25951
3242
17032
12093
590
2518
25844
32025
10746
31801
10702
26013
230
22525
27
7534
16563
24067
24133
24314
12425
15050
20096
32693
29839
12836
5099
19811
24901
7163
6550
32146
17193
29533
121
23210
8711
6587
6171
13351
11419
4911
9043
21165
31755
22403
11257
7244
24392
15411
28022
426
30977
27696
30536
14688
31405
15409
2354
1752
6117
27747
30242
30083
16318
9669
22645
10321
12493
1938
24781
25179
25895
8232
23100
27591
7400
5040
22036
3980
2063
16864
3006
5745
30138
22101
12349
15100
19747
30272
15855
22592
5385
11533
24438
3845
20510
98
19562
4721
22876
24026
16687
11493
15242
2950
13762
29771
2237
31113
28018
9818
14080
7106
10738
32083
31963
12084
21309
4119
11420
26377
8255
10570
29570
12026
21802
31114
2586
30738
17037
29619
4408
10047
22501
9634
30277
524
13941
23274
512
8447
5652
14452
29277
5116
22401
31466
23142
1223
26587
14501
9521
3005
18995
12056
2852
8756
24346
30563
20984
5356
16901
9705
10153
2694
10834
18022
11754
9617
32484
27373
8799
17944
32707
10310
20041
15761
7323
22301
1752
208
2772
678
5255
265
8404
24119
19433
23356
26219
15889
29352
16964
22126
29342
651
8942
25556
12861
311
25186
19155
15758
32376
12728
23216
13560
16843
18398
25931
25612
28981
32273
23662
22384
8930
22
17989
3427
12313
22123
25954
22641
9141
27055
10964
30292
12176
18282
19474
1601
28903
28474
2895
16492
15948
4207
15410
19216
21727
7753
3045
12084
15878
22332
21306
14082
12219
21065
22466
23847
28988
29254
1276
25460
32695
26374
1014
12298
14002
9084
23402
18507
24328
20032
27730
10963
24327
6463
14580
25172
15769
17965
24652
23974
3499
10945
674
13229
27046
20299
28815
28034
14665
14675
19127
3286
31406
3274
26642
17173
13906
3345
2139
27709
28833
13373
15510
19370
16582
17862
7236
31810
9490
29615
1797
5400
31169
18691
9316
21243
13130
841
20303
3887
10353
15949
31620
13531
15850
10387
6352
13808
30171
21473
32605
1283
19114
8830
22863
2095
6176
282
12428
29175
22691
22862
15178
15708
16374
27977
6881
19801
19660
15938
12012
13359
20245
10770
17540
28815
27026
3586
21369
23355
23814
25951
2407
27464
27895
9084
25834
6577
21591
29747
4702
5324
31477
7506
18722
10824
32717
6964
15028
21237
6239
17706
28590
13796
17132
20254
24046
29318
29197
20906
15620
647
8042
17081
18578
10383
26787
18038
14154
1525
20205
23257
1643
4738
16241
25638
12605
15081
23708
15855
23217
19346
214
574
30747
343
19781
10205
29822
19989
30942
26461
19082
22374
10570
25220
27146
26904
31131
22372
9682
13370
31587
28541
7918
18806
12952
19559
16389
14706
11354
31665
21563
17235
15154
7993
1870
22769
3445
15890
22630
20546
23178
28229
12886
32336
22222
18743
1040
3730
14387
30378
21612
18564
10670
9672
3821
13007
28451
11341
5816
10104
25524
24377
27135
13574
19505
25176
22493
9605
29030
9374
8764
12096
17920
23615
25466
11904
11214
6869
13051
21580
6597
2466
11949
5877
30274
10719
11796
20165
2263
9324
3075
16224
31482
2213
18508
16809
25219
22984
11710
24329
5474
2671
11708
18710
30580
9793
10233
10061
899
13942
14652
27019
17082
30048
19907
25451
19495
16783
14223
25597
9566
30818
5038
12880
23543
31841
25134
29559
12596
6784
29726
1256
21964
27312
9620
24968
30951
13652
18135
8452
21003
32295
27346
7941
19705
18464
25112
22429
20151
10508
12446
3051
12246
18018
3296
27099
30911
31832
15410
15484
8588
5136
29456
15545
24660
32577
14848
31125
27934
5033
3268
28119
23664
26612
25635
28470
31403
18792
6849
9321
4498
10196
4634
14806
26903
5056
23254
28834
20136
12710
13588
895
22371
20070
20690
10155
10112
25424
28887
32761
25838
655
17647
21437
18914
20846
18225
2603
13987
17528
29653
31292
14098
11782
23576
2347
12790
25998
659
8848
22277
14152
505
12500
31226
14307
17311
13235
19896
9154
15711
32761
22992
2690
2460
3158
12899
13375
13369
11794
30017
12402
13612
31216
17887
21093
11430
30448
9939
11509
16049
12715
98
30852
31577
15297
11358
1773
26541
18262
14101
25066
27151
11919
24113
8960
9903
810
24189
268
28968
15271
1031
1732
19910
14950
11180
29593
27364
18506
16233
20350
5382
1414
30951
24593
15782
13219
16062
31686
16687
11595
22467
2141
16517
13668
32606
20520
11939
32123
16475
15309
17563
28584
22956
19433
30844
18744
13261
687
25830
2114
18061
6250
1594
28763
8836
14684
4121
1823
16619
23068
9152
15986
25146
7881
24065
28436
10178
22926
6945
16891
31652
1714
25096
20091
18433
26093
1315
23213
17888
12783
7838
25047
7374
29341
27733
2625
325
3901
18344
14531
19839
1643
32333
8091
15317
31223
403
3203
17921
10758
16468
10358
13013
25909
19939
8180
30697
10732
28042
21763
30489
10078
18783
14096
17098
32568
25844
8836
21592
3148
9338
8142
25871
30965
20794
32393
2923
22530
16261
25906
24616
13492
16535
14439
15105
3818
29940
31398
25593
8622
26027
27947
29338
2157
27483
17442
27463
13599
18733
26677
9517
541
26510
19475
5569
29595
27489
28330
30973
139
31315
6105
32150
9727
13017
32231
7656
11459
25771
21034
25621
15451
15282
26276
21406
30975
31143
26933
27031
3699
19454
26581
9875
17924
27879
22284
31950
2160
17503
31390
29028
5539
17584
19645
23160
16932
27109
30161
12305
20647
11624
10635
16371
17899
1972
28426
15198
17409
20852
20205
351
19623
15023
26338
13502
29429
21465
26998
6086
6331
30467
6617
14806
15663
32263
9306
23046
31433
20503
16259
2151
26232
31377
3894
26534
30423
16871
23317
25232
32183
20191
26672
844
19151
2456
9794
32057
25500
25347
5759
11166
19478
28738
8776
22733
11078
15441
9410
3019
25036
23484
27454
31224
15913
7868
1494
18710
6539
17360
18396
5605
3163
19877
12303
19361
32047
16917
6003
16903
11327
36
24035
15687
16563
29811
25832
1127
25107
27758
21043
21495
14539
19442
15479
29511
4207
11450
16759
11838
7206
20776
13762
2250
10860
20788
27419
23505
10965
24567
29485
12568
25955
26912
29795
22174
22737
20644
30077
1277
13347
1678
8439
23349
14700
13113
8212
15678
3189
29762
28463
20999
9292
5905
32680
16336
4574
16160
27681
7410
1705
25593
16804
12316
22449
21926
15459
16796
14540
11076
22529
453
2110
24588
4421
26137
7678
23754
8294
14478
11714
15728
15623
24650
29397
20547
13281
17464
1032
28319
12884
18717
16963
31068
25292
25370
24849
20907
21173
15419
28793
19329
21020
28771
18633
11991
19517
26909
11603
21996
19815
26334
6794
14421
4082
5389
19314
31212
12036
21413
9690
20310
22359
21403
3387
30362
12327
29240
30863
6753
62
17264
5760
22341
20205
29168
28332
3003
30230
17513
5733
25939
28717
19226
14584
30467
1130
30729
25916
8117
21739
20762
11325
31370
19366
14475
215
178
31239
2304
322
17034
4201
1701
1228
12872
28396
4917
8232
17212
28375
9281
178
28492
1229
31641
15060
4114
18387
3131
12910
7978
23584
5798
17600
18519
31025
10630
23626
22456
16470
10196
3654
14790
12657
9050
13361
19006
23458
13408
25730
24959
5595
11937
652
3479
28550
6631
13314
18413
19892
13608
2365
14265
10831
21201
26673
3401
24678
31091
4044
19730
11907
23405
3252
18590
20094
20503
26549
24783
31224
12347
11099
3578
16370
19788
3973
14846
7734
5220
20859
5327
20500
7727
27054
27939
18493
22434
31638
23668
3416
25575
720
21532
8041
21684
14070
31534
18570
12735
7841
12175
9800
32177
13200
948
19418
435
16470
1185
13100
16474
8363
31671
1893
20328
4102
21321
13619
1071
31362
18543
9641
22222
10659
22859
30240
28495
1252
20581
20518
4981
16838
23827
21117
27046
21510
12957
2971
18659
25331
5435
12652
19472
25409
7766
18723
21848
13544
13714
14806
23375
19298
27763
7539
10997
5451
7271
29013
19728
1387
25995
22901
23538
5484
13430
29957
25770
3803
29145
3458
7296
23067
147
2116
23230
18865
24378
32499
17271
2640
14281
16817
27017
27003
24301
24634
15436
16149
10292
13677
14385
16132
29136
15980
21828
11130
2643
2746
1004
12137
13317
30818
10838
16868
32757
23605
29373
10516
14403
25205
7644
30220
23602
32539
2221
23395
4581
5754
19996
12305
24122
26978
17442
21874
2460
5771
12094
24890
22180
21620
14853
20381
336
30970
8598
12431
21083
31889
16037
31618
17880
12675
13908
26109
29017
12991
16392
31430
5457
15055
8316
20030
9865
4888
25050
23323
26662
20754
8493
15543
19861
5083
19172
24599
10245
1355
19037
21122
8879
19152
31014
2749
22144
4574
21874
1076
4428
20040
31659
26192
23531
16595
3612
5514
15495
3872
18671
3030
11564
29606
21078
22324
27263
24469
32191
9707
6466
6695
15170
18273
3208
27109
24796
24134
4009
27938
12017
3028
13760
29136
21823
20418
1682
31630
21383
26107
7698
21631
977
12245
7409
12526
14248
19247
12807
4219
7758
20602
21772
21424
32554
16294
31385
6714
7931
5095
23055
20506
31216
15034
13676
32611
29659
26233
21274
5422
22836
16705
13689
29050
15699
22548
15530
3366
5648
18500
4270
23360
26564
20378
20113
17238
27825
32037
14826
28396
8896
14896
284
6510
25075
26676
29748
21633
9412
785
10184
28324
517
28967
28218
19901
2395
32688
13409
6706
28566
1965
13922
530
4226
32515
18433
29515
24714
15840
30758
16550
5071
11126
9187
23248
21285
32697
797
6448
24634
20371
26412
5994
22299
383
4683
7070
18359
1513
18669
6378
24002
4186
22154
7278
16090
30458
21583
14760
1062
32653
18842
23136
2919
28472
4576
16142
312
18331
13952
11595
29972
8376
25645
29358
11886
947
1014
19612
24690
12629
31368
18141
7847
9068
12750
6186
8163
9601
22297
2258
14524
7229
8917
7895
21344
31619
9645
22486
29372
21114
32694
22580
30453
6376
22892
32307
6980
17684
30768
13795
2125
13807
32020
2128
31148
26323
18575
29265
28104
3181
5763
20611
7153
16197
571
19016
31722
7700
23478
24162
15364
29609
7814
3535
18860
6311
6521
7028
31855
14664
22751
15329
21032
27214
19873
10741
27302
30642
1561
5237
11406
28657
29811
22861
1232
10582
30365
32
26045
12608
8740
4726
17981
28617
12824
31030
26502
26654
17288
15834
28753
2546
6561
27664
25188
14787
23347
6888
12672
9399
16915
4611
22363
23486
26330
4505
3772
5328
4243
16616
30824
9485
19213
1903
21327
11597
17287
12269
16456
5364
31569
12440
7732
17403
16152
32446
5095
19922
20599
23672
4264
19661
31812
5277
3615
22448
733
14812
26213
16847
17009
11086
11169
1374
1769
32223
31226
23074
13456
9275
15704
32535
1218
10291
1629
6171
13799
28898
22320
20331
10640
1732
25446
31538
19441
25674
22329
7757
1557
8968
4449
8477
19789
12837
17386
23316
18563
19826
20021
17518
15706
32398
25356
25548
7663
31419
18645
25947
24539
20179
23400
15522
26094
5313
16845
6176
6695
20093
18253
22861
2465
24793
28739
6252
11132
4605
14982
4122
19852
28730
8826
9859
2955
1184
18714
9232
25025
2968
21715
7266
1351
14892
16783
24539
24810
24917
22393
6000
26456
1348
20515
25744
32411
12189
6920
21536
21853
3640
16190
19871
13560
14932
2581
16688
115
20887
28283
1688
13943
26120
26208
30294
12287
11798
31937
9471
10017
17414
14529
11611
22361
14127
11604
11876
18849
18155
4648
19073
6270
20561
14867
30763
5316
11090
14291
11094
23293
26106
13033
14992
6400
30967
23364
31949
6991
15244
3021
27320
5572
7132
26026
18968
11886
1857
3986
24675
13766
7925
15773
19958
29101
15016
15846
152
22828
1669
14616
29857
13390
15469
19936
24573
267
14996
795
4662
28716
12549
3992
8402
32624
13379
20526
17538
25502
16720
15907
8119
20466
30176
32467
7822
8788
1258
19757
1972
794
20957
9288
18478
26651
29078
23408
13215
12897
18743
29842
15968
24115
17263
26736
23129
20955
20176
24897
18587
28119
447
26395
17922
27340
11185
16038
11098
30211
27938
438
9595
19504
9646
24837
27355
1112
29562
3248
11376
16371
17378
25408
15646
15949
31072
23307
720
18272
8800
5325
17287
31391
12337
13255
6222
27360
13686
9406
3321
20592
4800
15153
15842
1846
17961
29701
20432
9906
16051
4531
11368
765
20445
2194
32544
26151
15093
19336
852
21548
19707
17458
27950
5218
29244
2484
22741
20181
14672
2917
24590
30894
5912
28198
8544
24559
5266
22253
10714
29038
7554
1625
30812
9701
11233
25204
24765
26273
7850
24526
30757
459
31057
20946
24133
24967
8991
7551
11027
13864
12475
5483
17864
3055
15991
20148
20774
20277
17868
478
20329
14898
28358
12363
12080
10706
28567
22426
5481
32335
17359
27076
7249
11646
31970
4821
13479
7154
25887
29809
20192
4785
25543
21346
7343
474
24894
24253
31682
22425
18227
14322
5093
20793
15882
18182
2009
4656
23038
30797
20719
16884
21586
32691
28484
12067
18948
32571
11456
5444
19149
9122
12544
15355
12051
23727
16704
4578
24364
2910
7369
27928
4578
26814
17622
25130
28782
4338
10369
29751
9263
16962
10450
17311
12227
21747
24590
32259
7357
6293
6447
4480
15123
1657
8028
3330
21828
1561
8986
22729
10996
9568
26876
21588
6859
9390
22053
28651
31200
5666
17024
2036
19312
21875
16163
12179
3836
29320
31560
28445
3085
1398
16270
17080
5305
10340
31221
6410
32703
12318
23868
23219
23136
8007
18960
11444
3645
3654
23254
25918
978
5091
18438
15199
3826
23436
30788
23258
27864
11707
3848
30271
23056
5282
27766
22469
1600
6561
18348
8647
26906
28524
27591
1226
8193
23552
21656
5208
27960
14600
27145
5881
272
5926
32514
9206
18537
11191
20565
18735
341
20663
26989
7654
8623
12954
31294
12585
12975
11880
19589
28332
7382
17552
7488
8192
6353
31051
23999
771
28770
3657
2793
8756
15994
28786
10834
12691
26858
473
3727
4498
10682
17599
2607
13817
9207
28059
2508
24314
10940
19412
4825
16258
4024
5902
22059
20321
9015
15641
31321
17085
18789
21614
11597
22440
31739
20091
14577
8428
8838
11872
30253
18275
31799
23338
22377
23672
9048
5714
9074
11860
26791
30499
17878
10341
23456
11165
32221
390
11057
29999
8974
15764
29570
9779
8611
2991
27693
11937
7160
24445
19685
32467
27597
14166
10393
30429
17668
10908
10232
10421
23877
11027
9458
18400
28439
30668
4984
25205
12726
24187
10045
17083
14709
1544
15401
30033
29700
3910
32123
20216
19776
26792
18932
25380
6802
10559
6824
11116
6236
2739
11448
10996
19589
1766
6671
11114
25056
5246
9302
20564
23523
14697
18229
11218
4305
16455
17873
24288
2307
25980
32272
5083
18336
6572
18039
24878
27043
9030
32755
27631
26175
27999
7406
28870
12532
13005
31363
27798
11845
23548
18019
24066
30832
21718
19234
24775
24840
11747
23963
14271
10399
6630
220
16565
29836
21523
1395
26778
10699
5646
9768
18150
29623
19257
22766
13740
23567
9234
18153
16821
5797
26042
26586
16881
32225
4923
24563
5887
31332
26526
855
2087
2459
27911
10211
23574
24797
8280
18535
1508
5817
7300
21433
21947
16696
30745
25775
15115
7863
9345
13235
21915
28716
11802
31204
5836
31056
14986
26159
16195
8039
23588
23758
3480
18504
10448
9249
16546
8242
32120
5837
5584
10249
16479
23414
28670
14805
106
25258
16697
17290
25096
11223
23683
14846
41
18081
16362
16161
24234
11012
22129
20532
12759
20857
14326
10119
15327
24755
12673
25234
14695
24476
16171
31542
21543
31272
9697
32718
22185
7417
27000
2482
9040
3283
17006
4711
28173
24812
24347
8280
14133
10861
31712
31192
7773
14887
1171
29631
11242
12859
26552
739
23419
8949
8548
19204
11280
1522
50
5805
2262
23836
1646
23194
3818
29513
2599
14869
2271
8834
16541
20089
14252
16039
6662
22631
3479
27700
9376
10823
19509
539
25708
5450
22206
4661
2450
29101
24836
30604
12348
31180
5757
5712
6635
15066
1709
2120
21658
30855
9495
24766
4418
18581
712
28760
28124
10421
17327
15296
28242
8559
12922
2012
16104
17293
3941
28754
16809
2259
3311
31841
29474
25707
24172
15878
12922
8706
24880
19079
11382
20813
18570
32128
4884
9411
10445
18751
799
16746
24937
21883
15205
8268
9100
5474
7076
25621
19779
5457
21027
12263
12859
29054
22932
21857
7855
17574
13394
14832
2858
8361
27693
21817
23324
14452
3181
27808
8024
27071
19018
26956
19103
24590
27131
8454
20291
30999
32394
19383
14434
781
8169
13643
10063
2074
12206
3303
12453
32589
22873
9561
8980
7514
21620
20268
5699
12198
26257
5747
30197
1229
28853
16788
30805
18859
12547
2906
26918
25605
17882
16077
16845
12171
29495
29085
16511
4320
8068
13911
11135
24389
25761
16436
26703
30827
23885
17776
372
13688
1156
12352
276
537
2486
13749
20177
12216
46
4384
28440
24046
2860
16706
2050
715
9515
31299
3313
23337
2760
28536
85
6265
25554
9763
6119
27954
14625
30055
3536
3433
3936
14840
27628
947
12219
20186
29675
8792
2971
3258
21817
18189
17314
28052
27472
3726
12694
18317
7718
11526
15069
19083
15223
12096
22088
15493
28668
11313
28684
24062
31700
18611
4145
23075
1324
24059
25320
6326
7159
9926
19296
12959
11960
26711
30894
16307
20094
31682
22084
11401
31810
7650
32394
27232
29211
26657
10462
22680
3771
25221
21936
19946
25780
10113
13018
10625
9317
10346
2451
26317
24953
1357
12265
16340
7434
16047
936
24827
17743
32017
8681
30048
11705
10806
3026
11128
2313
22457
27923
17226
30605
27818
23119
18204
10690
10503
24077
30295
7242
28116
13801
9358
16699
14988
1982
32373
32193
19745
22797
10193
19369
28453
14796
7614
25627
26765
14824
23540
7571
27597
32413
12600
1443
27899
32321
13277
18277
1661
7059
3522
29717
15534
527
19990
21774
23069
30072
13757
24915
23191
5121
835
28871
23959
14996
7178
12482
13239
3344
25032
19283
989
23227
22038
29844
29883
26955
28667
26763
12832
7147
7907
28244
8211
28684
21752
6768
27224
2122
2284
28673
111
7805
25242
14403
3267
6737
29184
31916
9379
30578
14915
9033
17764
20510
1696
6847
10513
17927
13299
27654
15917
15440
25753
16102
16711
18078
22760
8974
13732
32492
4872
9669
1376
15381
23720
30509
1284
29436
8875
17863
11659
15449
15040
25688
5198
10974
9262
8890
14094
11861
9094
28849
14679
11444
10332
22815
19898
5762
28509
2563
5143
16502
13498
31558
32415
14839
19983
24770
741
26114
19055
28705
21089
15183
5264
13931
31062
17519
30489
15876
21057
21840
19702
28217
14939
31078
25893
32369
22655
7552
26008
2341
10158
24777
20007
12293
18095
26819
1777
25219
14275
6637
20648
31127
25341
9318
29123
281
23384
6778
6324
4195
372
11263
7011
12223
419
5551
19588
18537
8880
30998
17871
24187
8740
4113
5682
32001
7128
20750
16264
12346
1340
31615
31505
16637
26054
27429
4631
22215
23889
5347
32377
30259
25010
11444
9689
2050
1976
26169
24751
12009
8623
8802
3118
20404
30573
26065
6903
3873
1565
12067
22320
19148
26345
31350
30828
12214
31866
28206
14294
33
5852
30985
3502
22200
6288
28841
2719
1368
2299
22134
13154
16606
25242
7124
17404
3412
18523
29777
11425
20277
18318
4144
7174
9927
30718
2902
853
3016
12962
30796
32127
19705
17559
18662
5023
1267
6066
22048
2381
21631
10252
18656
14686
30243
16211
15247
26425
31133
21973
23987
13126
28388
22484
27270
14788
11210
1004
18615
10289
1381
24589
9198
11358
5291
12350
23158
21347
26171
23909
25193
2652
17722
11602
9493
20034
713
5860
29694
32388
18063
7177
17549
11464
12884
21952
24095
5035
6049
3282
23249
1927
27712
3782
3109
2788
18337
22115
21667
23953
7663
22922
15041
2500
24664
31841
5189
25935
21316
23384
8815
32691
29527
2273
3732
13329
1587
7708
26894
28294
23682
32612
9952
4970
12580
22130
2133
10489
14651
4765
23735
17432
20259
16318
2242
11689
32272
28620
3931
22879
11675
28444
27109
32725
20377
30399
13022
15210
28591
30977
933
4989
15010
5523
9196
14389
22847
5300
30497
20528
12656
21993
347
8722
7409
12146
11937
809
6969
1145
17049
28232
29755
8429
27653
25024
21736
28944
31837
28570
5184
10199
17571
27964
9513
28295
13801
11410
26605
9830
8570
4124
21494
31441
20101
22358
4399
28998
25641
31298
11762
16708
1767
29932
26757
5485
23824
8923
7397
21776
15674
24259
32375
25225
18583
3353
14144
1334
19674
7668
12472
11767
25936
17314
1450
223
28365
11029
9285
471
9972
12048
28442
15787
24874
14537
28827
32388
18447
28443
5423
1042
28842
455
2196
1849
24010
15271
1478
19211
4551
26238
656
32338
30406
6019
28430
21631
12300
13918
32083
2584
25303
23929
21163
13118
18663
32557
6510
15850
8792
944
18229
3832
27626
2258
13816
1467
1502
29750
22316
13718
13244
11165
11763
31367
4867
19021
20776
24280
2983
15850
5556
9339
10759
28494
12651
7926
26630
4253
22406
31226
21358
13856
9287
3600
25561
6561
19189
14574
22785
10670
8291
25743
15148
1222
12927
2695
31886
3028
24012
16609
8374
17632
653
16896
13180
14758
4805
26631
22146
19707
18307
16584
23726
30858
19690
29060
14013
27778
30105
14854
3332
15973
582
25021
26687
17294
17232
26980
24864
20055
25006
17417
32332
31079
8975
30929
12764
628
17640
9237
32657
11393
28951
30768
21795
12653
17346
18614
24213
12530
11800
24632
17842
19744
14562
12112
19431
22783
7536
491
2797
3703
29039
28184
6958
11260
982
6714
9307
3893
1224
6588
10302
20078
29682
15143
22575
9743
29651
28611
15988
1910
11350
25804
17624
140
8708
27690
26857
15523
5504
11978
6173
21255
6205
3576
16964
8769
4730
19119
28073
6444
18355
27256
4471
15374
26394
14183
4749
12169
27170
4101
23461
32412
27678
27214
23183
7129
6117
6259
234
15892
19661
21637
8774
23382
9254
31112
896
8447
28758
24735
15170
16791
22215
22050
9841
26513
10463
29088
27846
2617
31466
28300
30144
26622
6224
29608
14933
28906
23976
4399
20147
29074
32540
16656
19053
29379
7064
15719
30515
24132
2674
2919
23809
8405
18529
30000
23592
28571
29313
14374
30467
10715
9639
9681
24741
12179
14816
22452
6718
31899
17152
25566
23323
3739
7782
6288
19472
248
25537
19033
22554
26947
31685
27598
17030
6542
25337
9345
24400
14073
21799
20020
1294
138
4234
6243
10680
7171
25404
18036
15182
8919
4060
28710
3703
21656
613
2973
8683
6356
19297
30034
9256
25334
10724
22056
4417
8011
5428
19068
24854
6071
8194
10969
24154
11228
9432
16032
21890
31691
3029
7942
26238
31538
25871
31523
23897
14094
21405
14952
24002
3690
9240
28882
15128
18274
6278
15275
3540
7774
28801
427
17624
25622
9083
3205
18656
18235
17612
27132
21030
27451
18487
26709
29444
17764
31152
24196
2432
27612
28006
32543
4865
22696
19423
19871
14553
25231
25644
13192
28779
14661
651
20175
21666
30409
23588
3430
28599
7316
32050
9443
32641
11102
943
5488
6163
20154
28564
410
30587
26944
7534
18228
30830
20888
7077
5558
12460
3966
17864
8568
9417
20254
22758
1601
23916
12443
27986
31745
29271
29653
25618
13754
3376
86
21694
11674
831
16252
6410
15365
7059
31687
30642
3740
23097
31815
18549
9837
31946
23877
31377
7502
4975
934
11346
4859
28471
24864
6756
15615
11493
10098
23104
16004
9967
26969
2168
7672
20681
3355
4809
1410
17219
15483
30192
10382
13082
14227
12934
22963
19693
31744
2619
31845
8333
21739
26235
29103
19574
636
27055
15448
4120
21032
31876
3113
32380
18063
5776
30953
15662
25805
5325
18392
4880
17913
3404
15801
32341
8980
18079
7453
792
26458
6089
19859
4302
2448
31905
20306
16282
25497
11862
17906
12690
9543
3576
21784
29981
432
9458
26714
6273
29650
4284
18031
27074
28755
13821
20693
8450
26246
14070
32182
22926
9571
10842
19950
5604
25219
17572
8269
22680
11666
949
7329
22753
16167
24517
20275
16243
24409
29552
26305
16932
6512
10134
4498
25867
29147
15423
3145
14061
14081
19276
10548
15534
24864
10003
4572
19036
6383
4476
5524
988
9402
32654
8201
30079
15463
21658
27186
16718
2165
22480
26180
19386
28096
643
9950
26614
2820
2991
15432
26402
7840
19677
2118
32441
24025
8779
16862
4281
2354
2457
17071
16206
27356
14079
32076
17257
17447
11213
32199
17674
19432
14097
24898
3615
25932
16036
12214
12996
9441
31308
20565
14204
26
19522
12881
9897
22684
6916
25336
18847
7926
21228
18001
12088
13278
31965
15909
12540
5974
24900
25027
28879
32038
2368
4367
6245
23280
1403
29177
16733
6036
15270
19621
3859
23690
14495
27435
31570
672
6808
8942
1932
20821
20593
28061
15269
29773
15005
21877
12467
24852
1560
12813
17128
17018
5438
16538
29350
5810
23737
12921
27734
11770
16905
8167
18510
12792
15436
20123
20436
9092
22329
8304
28859
16090
11593
23487
2680
27263
29712
307
4451
12517
18512
21155
9527
4237
22404
22400
21938
18063
9083
4076
282
2653
6423
1311
25862
16619
20678
11374
8069
4855
27848
1140
13499
9550
21533
28644
9047
175
14919
18147
11492
24796
22415
9602
8996
18882
13790
16958
16451
18249
20316
28513
31698
15899
166
15187
8301
30137
32382
20233
31580
10632
24949
8735
20622
19349
30340
4388
3971
3956
20892
5769
13568
15282
21975
16433
30567
15414
8187
14466
2640
22108
21361
20713
14751
6534
23896
4313
13349
13189
14434
25293
17097
15028
17195
5074
6569
17905
307
23791
6388
27063
6008
4292
21144
15553
193
12746
31651
16119
84
16189
30141
32711
15322
2577
14347
12156
18166
3215
13623
20376
10170
31449
27118
15316
10853
31647
12026
31684
20534
18822
18424
5658
9082
31187
22269
22753
24578
25987
6766
27659
29884
3483
23758
7958
2718
14161
28014
2889
1965
10885
15637
208
3803
2152
6717
22902
1517
12777
26427
3495
30484
26860
11178
20000
26799
30948
1394
23824
4677
11619
3514
19926
23369
22307
27921
19792
32497
23638
13003
20431
30827
31791
6383
17872
10094
19181
26014
5201
698
12700
10752
2205
12532
16653
26840
26962
24324
8751
26425
27853
14215
9684
23725
10031
13668
5853
14760
26881
7969
31458
16319
27077
19912
18345
356
27263
30303
6684
26414
18696
19446
11355
23874
29900
15137
4939
21030
26410
21375
26644
7788
1308
6401
25701
18426
18957
30678
11738
27440
26355
8668
19845
12813
18830
17552
3882
18534
28568
13417
31441
637
11030
30014
26843
20176
22344
27704
9697
7677
1380
12135
13471
29011
24088
19711
12838
779
2996
1910
9100
2278
4049
6028
11938
11600
6268
4957
1939
5707
16111
27776
25962
28742
19847
8756
16158
2054
30082
30257
25908
4860
7284
20011
2480
24266
17068
27792
3237
32192
9568
24580
28491
17015
17474
9017
10283
23418
20258
3261
26933
23323
26653
968
26640
13814
31433
16107
30753
32454
17605
10719
5190
15238
6133
12270
2468
17839
6080
28513
8127
22720
17142
18826
11534
7669
3351
2095
29211
9211
29914
18891
23218
13616
5474
7938
28849
6327
22598
8925
9702
16691
18055
26708
5566
6233
9658
9283
21283
25289
18924
18947
17675
12183
3205
8763
3005
26062
761
17934
27206
22183
18745
59
31444
6801
22728
3051
3925
13491
7179
17941
23331
6022
31673
21961
14821
7919
770
14810
19301
6499
23920
7798
13018
11890
941
31496
4498
13473
21896
2145
17534
25838
4333
30211
25891
2581
1675
21295
24454
844
10639
11002
24846
12466
7654
16978
25066
26896
24468
13756
27324
8663
19603
749
29344
11230
10354
7009
8926
15041
4133
8316
29845
12574
30162
25023
8084
19683
2551
2974
27102
7796
5345
5539
20495
13824
2346
24152
6641
29106
9334
2155
22598
5054
28334
13194
22475
7418
6550
3237
16735
32222
12941
6272
16606
32351
23199
13824
26315
30757
29337
17024
3489
459
22379
21743
18468
31417
16273
2932
14444
32729
11434
954
19722
2688
9261
25028
19633
20436
6305
17149
19713
21202
31949
11870
18907
7098
9062
15349
8497
22182
30917
30768
25721
3216
2990
1406
28592
14044
18551
16111
29267
26742
15653
3764
27573
31448
22091
6397
23307
31606
19543
4847
16552
4820
22066
8428
8289
28556
30404
1521
27805
4573
243
31193
19065
30526
19086
26572
18080
31013
4512
24811
14947
28397
15526
31769
30063
7271
28307
11370
3449
21982
15005
23092
19874
26753
4323
21044
31173
13656
20545
363
15421
6887
23566
16650
21267
21641
7714
5080
1274
450
5557
21714
18113
27813
2934
12850
15376
7232
20376
23649
10578
30543
6588
16766
744
30735
24206
2856
5362
21772
21572
5041
32530
16916
22188
635
12921
25109
30749
4582
16597
5224
4068
30224
24735
11326
24936
5052
16628
3913
20018
3949
23120
6445
1093
8655
26615
24556
18891
26216
22861
30358
15936
10849
5541
16386
5384
7640
8692
17687
7674
21688
7683
3305
29145
12202
24264
18226
25017
22872
22429
15330
9134
8000
393
26768
29432
20144
16104
16109
26552
8117
30321
9260
5456
25124
19040
15499
8538
28032
8158
22894
4582
24572
23644
30751
792
24589
17643
24722
16028
8751
6524
24855
30502
2160
10491
19113
28860
7071
4836
1193
15071
22167
6038
15793
1481
8751
30513
2900
26380
434
5402
12825
16269
32691
4991
18478
26225
17520
13419
1444
32767
3268
26759
18739
3405
30691
6635
15554
7767
7406
442
8680
24581
7689
10994
19295
26464
9786
25828
26677
9336
4942
11523
25799
1189
10419
20493
19204
11861
3639
6658
15675
10472
29128
21408
501
13179
29975
3114
14787
1205
19988
21262
29941
8501
30591
760
5084
4240
2370
29727
22917
313
1214
5799
31021
10886
1315
28238
946
15611
16008
11088
23931
24074
6569
29268
10394
27600
17158
6862
1505
20672
15139
13733
10270
32195
25754
24099
28122
10670
13294
31337
18563
27614
4933
24806
25117
2103
4141
14109
32689
27266
10580
32208
12624
12172
19659
32657
23979
20533
9587
24738
2274
27108
15426
24260
18701
5005
21305
32133
18047
6849
6986
24536
1177
1615
22010
20825
29726
136
8020
3443
12074
5487
24569
31876
31170
25249
27429
7602
17800
13654
20479
3163
18534
25399
32669
30951
15721
30535
7775
16019
28980
20191
27701
11821
26417
26324
5333
25745
12454
11213
15566
17189
1778
7118
19919
9612
21816
1288
30312
31266
28750
22519
17665
7362
22708
11797
10769
933
29059
2979
9923
8000
18767
8471
18006
28708
30483
13345
14130
31637
13584
21097
3683
17132
21333
3713
23799
14159
32433
20905
30685
7514
10527
26869
23268
70
13818
28731
31445
2140
7707
14300
5709
22968
4781
20888
9338
2289
10091
16315
15947
1428
4155
27760
23928
5597
14785
19442
10043
27055
10420
26255
32017
9907
2039
13680
1749
10421
20362
2785
22783
30371
5303
7354
7125
6973
29948
1089
28723
27600
24411
3213
18496
8408
3915
19166
24090
9068
9447
27870
9731
13783
3463
21483
15124
25041
8360
15130
24940
11883
20635
11891
8423
18879
30230
17326
4993
6544
2024
21844
19820
19241
15179
1684
15240
9542
16039
947
3538
30486
29814
16473
12678
3671
5194
10012
21815
18575
29804
11472
12435
8469
16572
15418
12520
32476
15118
22694
11677
17358
13976
4570
9174
21897
28308
24811
4335
22983
25231
18625
15611
15460
3624
8065
4610
4723
24853
24111
14074
6158
27394
3883
3888
28118
16513
407
15844
28461
9067
3786
13662
26892
20849
10959
18661
1499
6006
4770
32291
23585
9341
23975
8280
6500
16508
21043
19880
613
25920
29290
17451
4045
2046
703
4997
17172
11073
4446
21263
19538
30573
25721
26820
27901
32701
30389
1864
16303
14627
663
16961
3160
14258
17572
2458
10123
27873
30614
25677
16945
18234
1031
3957
7342
11627
31644
25885
5959
28344
11871
7685
11924
14998
31433
22897
17465
13007
24843
28590
10545
599
26523
13963
146
4765
8304
16668
18979
4705
28359
30330
5543
17918
26782
13847
29026
875
4900
22646
22115
9109
10666
7904
19745
27767
21133
32042
31671
438
28847
18146
29291
29361
46
28994
21328
30426
13979
6029
31813
17452
19783
17580
17042
16748
14727
28285
8643
18893
547
1181
10074
13148
6382
22556
28440
24830
30646
28970
7822
20504
6904
22167
1075
31546
18711
15391
26857
25897
13030
20423
13789
7028
31598
8258
10189
17184
6906
25445
10703
2253
4597
18637
20580
4796
7468
4246
5925
11435
17448
19210
19462
27018
7256
5839
11311
1820
4948
10155
31675
24851
23902
3829
21468
15538
3677
12316
14350
31747
31684
8478
23590
1469
3691
26995
7946
594
29698
21870
348
223
1363
18649
26287
12670
32026
265
17204
23539
22967
6859
25344
16623
10678
3873
2948
24627
21648
2770
580
26332
21378
16061
13697
21612
21723
6996
18832
12877
13942
11490
22955
12991
27642
17103
18744
14442
24657
11495
4861
30943
16311
22580
1632
14077
23230
5008
31720
3362
29771
15405
24813
13445
22631
11911
22161
27312
9436
14725
5752
18497
18328
8657
29818
7850
25526
2213
20656
4651
31595
29369
9273
17225
5430
18793
15227
20447
25006
13467
21203
27803
25186
21777
10592
9727
20558
23617
1722
16324
8989
30075
2679
26531
16315
16770
4861
28321
21477
12461
26570
13676
2300
5527
8361
31986
19935
17855
8004
20336
7386
25288
705
72
19062
13362
25575
6156
32608
18580
4169
959
15046
26821
31552
31605
32492
25432
18685
6758
29115
28584
19594
17277
7285
1466
13910
4027
5718
6051
432
5601
15955
29078
26439
10206
13242
9018
24648
26341
27864
12670
25518
23284
575
20862
19699
8000
27136
19649
15151
17930
6251
15841
19370
22247
7040
17773
18094
3863
23337
8861
9384
19950
30686
27695
18218
13933
23710
19239
6419
191
17684
20207
31390
24540
4136
22541
25021
24490
16777
16367
3573
298
18668
22442
611
25398
16375
14028
19150
22231
26389
15697
26562
19290
12767
25501
7690
21145
3852
5816
19273
25592
21516
13268
31918
8585
26265
26723
28076
29351
634
15742
23073
20910
6159
22213
20918
19109
27944
9033
14815
2388
11343
6261
995
24098
14412
18958
8401
14339
29345
23676
7846
229
30777
8236
28584
15406
8261
22158
12150
8847
2670
27585
31657
24389
25119
4292
25533
15756
22274
8804
6935
17710
2526
29686
23567
13035
11096
27887
24504
115
14528
28099
26055
11825
23016
27229
8685
6843
16007
17220
26903
9801
13822
2936
18325
21211
19580
14641
1235
31280
10465
28356
18032
9723
17523
4815
9879
20509
31797
20007
9578
31512
7369
10659
11891
10313
4627
16036
7827
5887
4846
27120
18955
22894
6833
8423
21938
16733
4005
18192
14713
4917
22075
2183
6450
22152
10279
16559
18119
24966
18314
25650
12673
23289
24063
15748
20718
30248
27918
3963
3508
17538
1029
11898
1664
6671
1521
19454
24347
15588
15369
18006
24400
20368
8529
30920
19889
25429
15809
29511
1979
17994
26621
19953
17634
10375
22818
3014
19800
738
31808
913
29744
12688
13930
11412
27729
30784
26021
31173
18866
31086
29124
13327
29798
3080
8734
15224
8068
14952
12558
16446
29678
17583
25861
30864
30136
15922
28329
14292
28369
3154
12163
2315
21582
9375
28521
1322
12481
4156
5411
32080
21609
31044
12891
13084
6598
29903
30635
20144
19931
14091
23217
22401
13461
26560
6990
15233
23637
29330
8588
3473
24406
20260
31058
15265
9301
26820
24115
7770
22335
15192
25807
5600
17944
3823
10581
16338
9128
14763
19612
16290
24039
11448
324
30010
1626
12965
9703
7079
16138
22492
2170
11219
25446
2714
12497
15799
26318
4302
6616
23782
23507
15691
10199
29055
3786
9721
7091
24185
11160
15395
28246
5066
22077
28802
13914
7918
26916
4793
28168
27916
22279
23324
23111
2486
19514
6246
3723
2635
4685
13551
5101
30459
1807
5072
32703
6953
18457
5847
12103
5094
9685
1138
7365
6318
4266
25460
9211
28424
6895
29034
6541
8410
28522
16519
10165
9772
25295
25084
5926
26586
30033
16525
3355
8050
17994
20354
11519
18563
24313
32642
19835
721
9316
22404
28582
21330
30433
31323
17832
14998
6079
19259
27475
14120
19391
6603
14048
22155
31058
10893
14189
32510
9586
752
6833
10023
15246
15987
3245
745
24718
23215
25871
28711
22299
23887
15461
23891
9270
11878
29101
24737
13875
7353
27194
19433
3080
4500
25419
6630
4673
12981
15917
6524
15732
19843
5314
9843
30199
20534
21319
7017
24447
22769
31902
15278
23618
5798
13856
12338
20326
31122
12612
10457
24423
7996
24332
26361
751
27394
31969
29371
9271
27714
11355
12569
2264
19703
18339
19599
32449
22623
2033
14930
3394
16589
10275
14911
15304
2622
17209
7104
14082
12635
28364
17100
6541
16395
27053
9773
7100
4497
30869
22538
11444
13833
10440
12304
6842
22138
2952
11895
22474
15964
14936
5770
188
3859
22931
27113
24061
14475
31587
21320
30368
8575
18332
2231
30252
31283
19309
1813
10298
13385
26671
8047
23392
17563
30340
30971
31322
30893
27230
31502
32582
30749
5541
19312
28801
30615
151
28874
11127
12907
13173
6343
26237
24496
24965
1306
6444
21030
1114
20026
3517
20752
20155
29962
9440
8168
27572
13424
17719
15570
15950
13738
1638
20220
16335
26188
25664
26663
2400
15470
887
16234
28523
13274
30815
19101
18846
30470
24981
19254
26959
3491
31083
158
24965
11528
9597
2292
27140
23371
26887
27254
5331
21925
4814
21039
25494
22556
19171
14940
11025
14212
29481
18511
27200
25892
17810
13850
8910
22425
13374
7077
2631
4570
13025
31825
25854
10033
22868
26591
7831
2616
15418
24741
5285
10544
24487
10273
19393
7983
2615
25939
19295
29110
16566
4061
5445
12363
12180
24838
10272
544
15705
19655
30284
8599
27070
26881
30309
7830
10447
24118
22724
736
1167
5112
22775
25780
15110
17780
1624
17721
26808
23380
16860
3912
26580
26217
13767
18819
22297
22961
16747
9157
32571
8905
5058
27691
15122
17872
4537
18223
3059
19212
18139
6517
407
3456
2203
16948
15715
20588
7083
6329
14849
27391
20975
16349
8426
1159
24528
28648
3064
1731
11311
32578
29319
11933
4902
28287
2930
9407
11658
25899
3929
23579
6999
6571
30198
3916
28521
7657
24867
27692
6532
30411
19931
2967
12730
1913
30146
18494
2541
31185
21073
3040
29242
2847
18976
10727
13667
20346
2217
12619
27355
31676
15283
13991
23198
29425
26053
15531
10293
20100
6472
29309
5166
7911
5107
23370
9309
3283
7153
10827
24500
31473
9600
20375
30478
21960
23612
3806
23065
31388
16914
19962
9620
25601
18999
8210
16449
4177
1056
3004
8934
24441
13875
1527
22478
16612
30767
8651
22279
16049
12217
26860
2203
5977
29438
18540
25806
26621
23668
4132
25261
5270
9534
21823
18280
22408
32601
26335
5958
6884
17801
22688
14357
18376
29244
3256
16096
7612
17236
6083
19616
16386
28979
28292
24631
23175
2772
1764
11615
24649
3225
17632
3413
32563
15436
32259
8351
1065
30244
28332
15313
24129
19331
12494
20283
30058
23865
31178
5153
9617
1229
25453
19147
4087
25955
31289
4187
3406
12877
14221
10886
1426
31102
31509
17386
23250
12015
4839
11861
495
18019
24809
8814
5328
7003
8136
17064
24276
24907
23455
32508
31944
26044
15534
4426
21041
21084
15705
21088
22750
2416
27713
28119
1015
988
14979
9363
29098
8686
16236
30423
26701
13876
12006
19106
1692
9851
6516
25892
27096
4683
7518
16002
27665
9508
15459
15503
11854
10866
20717
10951
9540
19611
32043
15219
14661
16087
28678
17876
2604
32109
8458
15998
2968
27157
14863
32315
336
27294
2058
1438
8838
11571
12005
23641
1853
23289
13299
14582
19991
36
418
24478
16494
17907
30257
16324
10423
24255
30735
16335
26143
12107
10353
14206
20956
1715
3980
1066
16067
18516
10471
3900
591
19940
2340
17567
21035
18949
24800
28310
1288
1551
7605
6899
3130
891
15138
25071
20356
10977
19823
3499
31841
4469
14200
29844
27002
8475
5251
26208
26779
21285
25858
5721
23398
15403
25722
19741
19565
23470
17536
24666
32190
25050
28257
19684
15721
22535
30015
12479
9619
30875
13551
26344
20360
4979
13692
14365
6106
12393
32704
25850
1858
23337
15171
21041
17110
18492
1648
27125
29849
16747
32633
12449
22641
8522
22546
18683
3898
28501
21212
5562
10028
3224
10630
15232
6240
958
25396
18818
15705
17101
22160
22210
6951
30339
28590
20562
4829
8668
7129
31401
4232
29826
10559
8369
3850
7327
12056
11060
85
4447
18728
10585
24027
4315
22367
16778
32560
30511
31181
18797
24226
32031
11808
24032
30158
27284
17485
27286
31289
27262
12129
25514
27359
10779
1414
26339
29880
5384
4002
4543
25135
11953
9603
28196
22246
27384
6365
8269
26615
26325
25973
6879
249
13831
21229
26143
9799
19903
24288
8093
22281
23192
22218
12673
18897
596
32238
25890
24621
31358
14249
28505
29654
15757
16598
17236
2984
31603
319
3195
12168
20640
5671
147
24798
19359
4247
31181
10547
9837
29815
1450
4724
7284
14889
4408
17912
26840
31249
8680
14890
22437
17092
3855
19637
8812
2171
28646
1060
31971
18847
2669
16967
29722
13669
9016
31754
6947
22694
21099
11783
3987
13237
22316
14671
10818
30334
5293
8293
649
14592
31922
22470
11289
31488
27532
32217
27292
19217
9231
29627
13987
9364
4469
24521
12648
21267
23458
10230
12266
1105
6631
23409
681
32380
11243
10597
29094
1759
14455
19655
18051
25506
22827
24589
12942
21849
7981
6886
18863
7754
19760
15586
26773
21709
9426
10279
18114
10801
16652
8911
526
12263
1190
1601
13542
17848
28285
3680
30335
25785
25560
21728
28971
24258
20300
14568
21172
640
20284
18559
18077
18602
12735
9135
32103
10745
28570
6998
22217
30562
29025
18120
18410
5497
31403
15578
12545
25288
31387
2420
15992
24497
8250
5697
10952
22328
23930
7774
1746
29023
29189
24739
4412
6381
14455
19307
6082
5818
25135
10421
15935
28649
23036
2760
4328
6810
8992
22500
30712
5522
465
7704
3737
13697
28511
5274
24650
23655
11942
21186
29421
27534
4885
563
3648
12840
7848
25455
17112
20095
17495
19225
31245
5663
7202
19059
6996
20977
27464
26856
13685
27238
6849
13725
29627
18539
2670
4288
25826
146
5721
24832
5273
29018
27283
11936
11632
21486
21074
9409
16444
25869
22822
2259
1623
30373
32572
1050
32708
28091
21384
20329
8904
18488
12114
26141
16084
11721
5165
24285
15440
29078
20177
13820
1093
31335
21031
8469
3766
28442
23563
12433
21752
17291
2928
2043
13170
12462
11033
18772
31044
10803
13717
2059
19110
4721
27822
18710
3719
28744
13569
30700
23673
16170
32072
14310
2494
25028
14003
31935
12740
25461
24984
27394
6702
8032
32211
29605
8370
23619
2525
23442
9838
14111
1393
3272
31702
21472
26311
23174
24966
20293
32487
4870
18758
20705
13356
23679
13139
21681
2645
31984
12805
13826
6247
21879
14079
32026
272
30966
11930
20506
2008
15282
23935
31993
25556
12845
23678
5422
22597
30034
6344
13914
30803
20255
20590
13134
2232
14116
23147
20212
11501
13130
25806
27704
11073
26312
3574
18665
5720
12532
2701
1044
4512
23477
6441
6806
18869
16854
29222
16246
13422
21203
27290
22710
14875
753
24981
23232
20693
10588
29667
29115
29939
8160
28802
11589
19285
24509
18531
8489
17989
4141
14595
17196
7058
12523
21049
24603
20155
13315
20379
27663
4262
20494
3153
21387
7995
10225
29843
5707
16129
14742
31179
11751
16308
8232
30388
20310
16603
5111
25766
2153
28926
4405
32060
13390
16868
13438
2888
28243
25181
28984
28336
14454
9944
24280
893
14770
32315
9385
9023
11541
31865
16202
17923
12540
4648
23249
9314
21632
18714
1746
29904
15073
24512
22300
6051
4195
3060
23861
6623
18604
28857
21060
18951
12749
20251
19426
8639
23013
31214
13326
13038
23099
6289
9914
10123
26758
28719
21498
27777
18080
25492
17162
27571
3105
32319
30783
7866
32660
268
23917
22864
20612
15724
7343
27397
24590
32232
13535
27967
1261
6428
15427
3633
31595
25412
17150
25557
24102
14492
23118
22233
6609
6165
13140
915
21449
1256
27558
10825
26991
7032
8580
369
27255
22667
16123
10194
30551
10175
3617
24709
1046
3087
24209
8409
19407
8406
27206
16272
20514
9802
2426
30236
22425
23419
9439
20630
17951
27022
5395
14173
2603
12436
28274
8138
19016
23633
28687
4804
20282
10695
27396
7079
10498
5585
10000
20512
7373
5581
28517
8094
2464
7685
32480
24896
25868
7803
22607
25541
17714
443
29696
28747
27001
11072
8704
28052
15198
23434
3823
18470
32623
31624
29640
3835
11095
31691
8672
6725
28620
23725
6603
9275
24834
4350
27966
20798
5298
25960
11487
16463
21990
16109
4889
27327
20833
27306
32371
22920
20085
10330
26049
1896
29128
14011
30780
23667
20001
31353
25969
2683
14290
765
20704
17220
29089
21586
31365
2686
13105
8990
21394
25183
1296
6931
22104
29161
17363
785
9673
27561
27852
8288
19294
14439
11804
22906
8217
9712
30658
12536
4649
4867
20755
27181
20741
18544
32448
10933
10047
14871
29926
29821
23459
2207
14926
12821
11587
13930
12867
10590
32757
20762
13284
5542
30372
14616
13560
9553
15345
31276
6323
14514
27888
14150
9000
19428
13776
3897
5728
11627
30420
3002
14197
6113
32670
11839
28409
29991
11692
11281
15108
24314
12830
29307
6648
9469
2771
22622
11304
5710
339
7513
32200
3298
31360
13811
10247
1492
21902
11176
27354
26793
23719
6240
3019
30941
12264
21312
12195
14787
25408
8122
14126
32745
27319
22831
24019
2412
20625
10800
30730
6310
25133
10766
18297
31465
30893
30170
25527
16323
14577
9173
16991
4960
24921
25536
8711
13889
15196
24831
16177
20690
22966
4825
9311
9511
