27996
22142
2843
17911
7434
7410
3242
15782
4008
14485
5159
17970
18065
32290
16547
24793
5439
14235
17453
1467
22638
28835
14615
28942
6991
7467
19771
12097
32137
21283
16837
3015
27092
14125
11916
6653
22180
23286
6089
17870
10447
28398
1939
2467
29698
1350
4058
31503
23372
32755
2425
6242
28750
17208
17139
12913
16626
9283
29585
25608
9089
17748
24499
9818
32082
26122
19519
24218
12090
18831
311
26567
5854
30368
24127
13288
7918
27629
18293
30513
32178
23177
32126
12951
31524
22313
25149
15807
626
18504
14906
22023
14309
16650
17706
4152
29488
11118
1082
17907
29755
31037
27619
23044
25549
25442
22428
4993
8309
9989
24329
1150
2992
11153
26623
13503
6850
1507
9509
23968
20770
27365
13948
25678
31525
4503
31852
22086
23113
9154
22523
21084
18973
27184
12219
21377
29447
1804
17056
26321
23961
2533
28016
6157
15954
15756
2505
12878
26968
22317
30057
2335
7295
10972
5120
22779
30609
4645
24670
5882
18074
24408
19008
695
2318
5718
5983
9411
22647
13214
7761
53
29219
6023
30833
32548
18327
23738
386
21355
19553
5790
14851
18640
734
5956
12561
5059
1880
18203
3125
15792
13114
19014
23546
14348
25991
16119
32205
24764
9280
9262
27152
28298
25930
8984
12087
26300
7323
21421
20178
25195
32680
18466
22690
18054
12870
12806
23823
17486
5346
20048
8004
1225
24384
16736
19650
12792
12365
19026
181
13133
10700
14291
18628
25065
15028
23069
914
11153
30398
1407
32316
24637
7282
15320
8905
24915
23156
8754
8623
16537
9006
22256
26903
1812
646
32238
19911
31059
619
230
13165
28559
20829
25416
23931
23796
20104
26772
4603
10570
5632
6981
5131
8964
8353
23031
8718
7081
10151
25658
21732
26205
1994
10937
3589
9435
22575
10038
5680
26846
30657
24269
4896
29124
7611
6394
5327
28587
4864
2748
30339
27736
11259
15415
1385
1216
12657
12336
30572
29708
28137
9456
17309
19379
4694
28457
5724
9889
22042
6301
13545
20293
6073
17154
23486
17154
27753
10233
3916
8208
12005
23965
6185
1318
22314
10814
5096
13712
13726
22884
672
29805
31007
243
32200
8593
31106
5249
17060
20429
24172
23537
1097
30469
8610
24292
45
23485
7183
17243
20374
11264
23840
466
19321
8182
10377
29048
12640
23841
21457
7230
1853
24487
31142
20744
13877
2937
32443
17677
5221
7185
26495
7205
1029
337
15035
8889
18256
32093
9236
24623
30358
17918
23710
23967
16045
28074
4286
25526
4176
5162
1109
18187
20683
24860
16746
27477
18010
24076
5960
11050
31385
6320
30700
1130
9820
7529
6338
3414
10598
7777
11385
31928
25784
4613
17203
9365
24211
21587
20948
32599
21974
305
30014
23543
3899
10099
12918
5895
29047
23562
13697
29630
6287
7009
8882
11818
6043
6572
13301
19615
556
23409
4093
18752
21283
27158
7370
14084
5950
5879
28585
4214
21554
16632
2131
16726
11036
24656
17485
20651
13585
17834
26149
13971
8716
1622
13717
305
24025
1575
7324
29829
7002
1474
9849
28514
16002
31318
21344
26305
18622
1073
24521
21026
23773
27215
16210
26688
32520
1831
28408
9037
17553
19300
20232
28305
14922
30337
27713
21592
8609
3903
11554
27092
5169
30558
23251
5099
30997
29887
22948
22415
5140
21252
26190
12032
29503
27236
906
1730
25952
8049
30557
22269
16300
24024
24272
24070
9480
754
9029
25340
14028
15431
32305
8563
22157
2863
773
3328
6660
13071
26025
6125
2682
3203
12507
9913
5342
9651
20159
4075
13191
1891
20679
2985
11794
24435
19335
13801
29202
13097
7077
15394
3850
3157
22775
31148
26545
28613
16847
13914
2353
14792
16737
4972
26308
8702
27644
11171
11268
24893
6407
25505
4339
30414
9702
21675
32371
147
1152
17087
25118
19510
12625
29406
10942
30838
12996
6006
222
9644
26705
19125
20888
7552
29791
16938
32759
24998
32534
15108
18167
14115
1140
11771
28124
20738
1013
31382
14398
13816
22429
18751
28223
8636
31001
13077
19490
4682
28440
20524
22244
25622
13773
17346
10613
29211
8256
30626
31021
7760
28101
17829
34
3582
26672
31412
23827
15404
5356
25227
21970
1200
5202
20283
1966
21698
20857
11441
20979
21741
13111
9441
22879
7981
6480
2892
19733
21056
1297
25125
3172
9407
20607
2115
15690
7642
6287
7185
20891
15123
9079
6936
27226
30089
13010
12813
8484
1252
16009
23003
31980
5176
2805
8488
5276
17535
18952
10500
28767
4502
17913
2264
17487
26545
21526
11004
16906
26764
29362
11623
876
22857
7540
21979
28754
24674
6598
24926
10243
11071
1435
17990
19220
24111
11865
12599
18447
7326
30383
5950
11655
20627
12546
9612
18246
29548
4698
2807
7362
18232
20677
24542
6806
16391
19537
7640
597
26626
2078
9429
16454
3017
663
11970
3539
27667
9417
11765
30319
8792
28480
10386
17169
27494
4916
28613
12506
28983
30819
28857
11788
27184
15684
4014
12890
26027
26352
19619
14586
18882
6138
22708
24591
11609
29857
18545
8195
17032
5207
3174
10431
18809
21110
1796
25411
4263
199
18615
8950
4975
32093
6872
7737
24792
23262
22125
11981
27275
2681
12338
25555
173
5813
6400
28485
26930
32188
28051
28726
7345
19103
26089
21835
25268
14066
31802
26379
18590
13264
16755
17343
32309
9693
1827
14630
19138
15653
28269
22739
11674
31684
14249
27731
6128
18849
7134
22938
23270
2552
18145
11126
11061
32363
20096
26640
15967
11486
18148
25068
3413
30101
10279
29706
27448
28467
8451
3119
10795
14843
24053
20016
21744
5148
23997
18331
14624
8059
3664
27403
22882
227
23387
399
4788
11904
9697
9671
24524
6609
13628
4936
4679
12236
18512
18132
10771
25787
24249
27037
30203
27793
25667
17710
1464
6815
24824
4181
4899
4622
30673
27024
15628
9642
23365
14997
22115
21884
28850
23604
8483
21212
3172
16561
20067
5368
19889
23258
20331
14246
6917
2496
21824
7704
29876
1135
23492
19543
6108
13368
7015
10314
13319
3088
7762
19154
27071
21896
6644
16290
20955
19905
28046
21234
17157
13482
19156
28437
31235
142
14868
11813
13706
11573
16555
27437
7596
18370
20601
31060
14698
1211
28414
12709
31414
32050
11095
11880
31074
21395
8324
23697
22167
3873
1310
7375
11228
10164
20809
21443
1223
17846
23395
31849
2774
4682
23139
15637
26399
18560
1834
6719
26790
13108
27415
31559
6283
28232
4651
28489
27595
4814
26670
26925
24865
23178
29275
26357
11315
1750
6448
31042
31515
27833
3205
11049
15991
16567
31845
3332
13549
32298
9610
18700
28750
11848
8249
15965
8552
29992
14316
16449
10680
18594
23968
23681
21544
25902
130
11058
3448
28882
3594
1319
3573
1718
16379
6708
6176
3571
7205
25330
13820
29646
12970
25544
8547
4945
23320
20805
19515
25756
23570
32758
16158
4862
8415
26269
315
31115
27046
24550
21114
1185
13372
6419
23202
1736
28069
5080
2837
19825
27146
22169
7743
6097
25540
12902
3328
7838
22397
1477
7393
20137
32645
16536
231
27876
8968
13885
10589
28093
28901
7662
17491
20323
3643
51
16200
26927
14206
31938
29329
13375
26449
5955
1779
29856
4679
17302
31536
25587
16495
2325
1959
4733
7056
21934
23160
7881
19519
3192
22775
6840
27758
851
198
26787
28786
10229
7248
3352
16955
27807
27246
12937
25365
9785
13625
32214
2375
21635
7241
8891
18329
18908
11266
940
18551
7905
6884
15342
16649
22752
765
23599
23550
14006
9089
14158
11474
19028
11006
19288
12649
5292
30860
3417
7983
5413
28470
7959
24947
32640
31740
13859
25931
16236
8438
10523
27827
10197
25610
6246
9553
2159
26462
32431
15983
2975
13969
14047
2773
23475
31096
1048
1397
462
17432
21294
3979
5908
18067
5501
5072
29424
7815
20906
13736
28662
10628
24119
12832
2019
9003
9474
32763
23829
26013
19546
19978
6961
26868
4407
25966
30050
17549
17289
8980
8022
31886
31505
27608
23547
3983
9066
12938
11963
20898
15169
28347
1833
26251
29139
3216
32310
25573
8854
26046
18880
764
15479
27450
22810
1254
13862
14596
230
14495
869
6712
10985
21666
8144
19231
13417
31838
20970
447
29699
17789
18498
16612
23857
27747
4551
23047
13987
24427
13205
16178
18921
10847
30821
20279
17370
17891
6347
28161
16373
7558
1303
18118
13692
858
20224
21899
23927
2279
11541
1981
12248
26791
32313
1439
15324
6778
4462
29511
26395
20528
8463
9549
12280
8317
17934
27063
9139
30942
2459
22134
928
14507
9391
2372
27954
7370
23370
1093
29246
4423
3194
31160
31001
2542
5046
20704
32085
2655
1783
7738
11030
23341
2438
315
4810
23239
24869
2829
9939
13059
25142
25487
56
1712
25916
29444
24992
2627
31563
6910
26925
25606
27904
19424
9937
1397
27704
5103
28388
4207
3665
13724
14762
32043
13730
15596
30646
1154
7648
11944
24404
13495
4414
12918
14703
22390
24230
7059
10741
18484
271
18305
15565
4805
31553
9195
30617
14113
29744
6807
28476
1685
20406
32388
13208
2528
5610
21109
18894
18139
4381
18537
13905
14055
20699
32357
27549
20669
415
10837
1003
30820
7194
11161
26439
13281
17766
32211
31696
22382
5603
14798
12016
15548
32289
27085
13221
16995
11394
19813
18602
20588
16122
20876
969
11002
20306
12201
15917
21591
19275
30456
25386
14454
6937
19397
10173
7753
26971
6846
23733
11215
29537
5077
12079
24416
29627
12651
16385
14912
515
26206
24494
26267
4668
31367
737
22628
20734
498
188
716
23075
28973
32011
12427
20288
3895
14406
15867
29426
8196
15584
15544
29755
28934
27473
15492
15488
15950
18424
8040
17246
1193
14963
5490
10447
30527
7125
28386
2568
19909
4652
18771
10715
6477
27168
13377
19383
996
18851
9372
19926
27415
26899
9229
8798
30398
704
18765
12887
17068
22456
10603
28118
20229
32604
6705
23231
2424
27334
3061
18692
21011
1131
16862
12746
28546
3128
21120
2476
7853
9121
30981
24327
28690
32073
28778
1426
24551
3010
3402
13409
29266
8951
22981
25351
9234
29376
15578
23272
28373
5665
31136
19949
19379
2655
13307
20433
31147
7821
29645
16474
83
4506
19148
21044
6625
10957
17470
6765
6336
2328
17897
26253
25498
16464
28197
31758
10132
2767
21904
2737
18405
19115
30951
24665
10231
31880
29892
4647
26798
17247
25158
8792
7146
26139
14144
9716
1459
31115
26831
12747
22659
7494
13644
16028
7787
15908
30373
31054
10759
26695
21250
21973
12517
25153
22449
30637
13626
5196
13526
27616
2432
32058
2039
13481
27804
6970
8200
4091
18481
12229
22411
13471
31492
7592
10729
12227
460
9915
5502
20152
19103
11228
5999
6498
3695
21033
11113
12414
28616
31586
349
13898
20855
14579
893
17556
28874
13993
19390
26303
17239
17698
1782
18990
23291
22695
23078
14310
4192
26444
1501
5104
12237
23748
9565
9115
16559
25607
17490
15686
29752
21539
3277
12782
21347
13370
687
23893
18337
15210
206
1890
2590
30856
32208
13107
10492
30015
18092
32703
11950
31840
13597
17797
23704
12196
27532
30814
10524
13938
15253
21868
23596
31185
24458
32669
20180
29251
16657
30531
8680
19614
24324
17277
29875
23086
23465
22122
7902
11516
31244
2193
8207
23935
24901
7665
28915
6942
665
19408
30958
28466
5302
30890
8247
22545
29004
360
89
12361
21357
15248
13903
10889
22555
10660
7959
26812
21969
15930
6073
19905
32298
13533
23076
12189
10900
32511
29684
29573
16674
20776
16358
24813
2612
273
18752
15077
20130
18878
3166
7026
12029
12866
19741
22438
30785
10314
20782
31962
3518
24970
29017
19644
8131
4563
27663
3454
4911
6024
14619
16201
12178
22058
2341
959
7621
17579
22204
4125
10306
15393
17514
23428
29458
21089
14609
12598
3723
3703
19767
7960
1885
10052
11904
31276
14188
14543
24743
10292
5908
20750
6052
17762
27426
16926
5572
18118
15679
14550
18299
6777
22161
106
31064
8585
30177
22530
4168
17065
14715
4611
15199
2526
6987
9417
23906
10445
29199
24325
3810
23224
2369
21047
26311
17938
765
21949
8946
3512
28304
2454
11397
27807
27572
10363
20881
10671
16300
27600
25300
4573
8130
12996
7323
23475
27487
29514
13400
14116
29447
7772
2049
16945
26642
7693
4261
4959
2070
3431
1756
13234
7834
13090
19108
12806
32592
11035
10864
22755
22518
4188
12706
20017
15106
9150
27767
16517
1133
18334
12900
149
27869
32660
31896
10076
17803
27738
12944
12728
26767
18170
28498
18761
31253
8898
7115
28407
19033
16588
28141
10497
8657
24755
18091
12266
28026
8924
21910
8403
14022
9589
24681
14785
25392
12380
4455
12353
19643
15961
28789
24912
4325
24007
23486
20954
31913
28572
13015
26064
29608
27475
19862
27996
31467
2091
28421
21724
23213
29258
3865
38
589
15090
14777
18658
17935
20187
23875
4077
25176
14879
26367
6826
16548
28685
8255
24418
17969
25808
12993
25626
7147
6757
5834
28571
24472
8791
20071
30468
23404
25687
21193
25020
22761
18110
14837
14129
18338
4192
15172
14217
9156
28362
15519
5237
15699
22465
32350
1383
930
15753
13320
16956
17609
6854
23199
21459
2544
18870
9361
19611
5844
22064
17110
11647
5741
31658
2630
13787
24781
23333
3696
5234
26213
16915
12340
18799
28938
7381
2562
14752
27922
23518
3417
29854
4082
6511
6514
15775
13772
1406
15110
15960
12922
8331
10469
4314
11214
6445
7517
5053
31783
15616
28280
16669
3875
26501
5964
14858
16798
11822
501
7535
13951
32765
28021
16178
13536
14158
16240
11208
537
1965
13038
24148
10257
15857
21189
12038
20921
3787
2728
18132
19877
14114
25356
18808
13788
21331
7980
21916
16431
9284
4894
18486
2196
23840
8251
13736
21275
21018
1178
29224
25129
19442
8620
21607
31223
27340
19207
28177
30067
1292
9143
27452
26259
26368
217
559
12986
28136
21864
15734
18798
32505
13498
18578
10998
8031
16123
9010
20394
22306
17129
31711
3190
29138
13775
30970
3773
20560
22441
30461
216
15295
14688
7406
4648
15880
22198
3173
23534
17022
11119
22282
8168
25481
23560
18983
6007
25229
26447
13145
15575
27404
12407
10609
31889
18050
17581
1554
25898
21209
20525
6087
15875
32015
9778
21556
28769
10870
77
31945
9689
9408
4670
20530
11302
17173
20976
2384
2674
32609
4640
7767
10001
5764
32465
9486
27496
6635
22293
30099
25502
28846
28021
25513
17043
7255
26839
19734
11460
17401
24656
26392
2265
11241
30212
11040
3207
5654
22937
2034
27141
4713
29428
15759
20784
32432
2044
32434
7729
29403
14860
11689
3468
10358
742
31805
13272
24842
2950
18624
28344
11311
31326
3993
25094
12963
16118
25806
24785
5728
16489
24683
20084
32149
30167
8003
9181
15177
22801
6535
5248
2493
459
27662
15516
25849
19993
1130
28432
19888
9530
17504
20888
4200
18963
32759
32239
31533
32025
17724
3726
11384
21757
19778
18576
2780
4550
5265
23861
27133
2015
31007
5453
9974
4586
29012
28160
29342
12513
18130
9964
8334
5179
23782
20752
12071
27633
19934
19566
593
26742
22755
21603
2099
29464
2114
20087
15427
2827
22035
21745
14570
27042
25092
20581
23349
10787
12996
7360
12935
4417
951
2028
17138
18972
20840
17125
7980
8858
32502
4166
1985
21454
10555
11692
16286
22416
29199
28382
29902
20622
15032
15966
16984
24452
32253
15063
5896
23807
16757
3792
7996
18291
5531
7483
13593
18934
28665
1734
27185
5278
26969
29840
23260
16679
5993
19481
17791
26084
3586
32149
29612
19545
4924
30942
25806
12181
11652
420
543
5529
18842
25291
13144
7223
5790
11001
30263
28682
30343
15780
4557
26987
14365
16310
28580
8749
3332
8742
14462
7442
20729
22553
6245
14662
27754
17339
1036
2424
18399
23314
17951
21186
729
20756
16242
8553
14633
24514
448
10862
30756
18247
9811
23263
4839
22824
32522
5447
4357
93
7533
9075
11705
2736
32531
23164
23818
3233
28293
5661
3209
14056
23730
29349
27894
10944
27990
21210
4752
26226
5975
11315
6059
13967
12568
21625
30713
8815
27128
14806
23695
20204
2854
5465
22818
6830
29050
14081
22435
19804
669
13471
30543
9135
2507
14757
23256
23452
287
15001
27121
3589
15020
10449
28805
21493
13899
14049
9119
15245
19854
31921
3388
404
20831
1961
12168
24140
4513
32594
16268
24003
1529
30225
3598
32078
23893
10276
3276
18855
7386
22020
27377
10603
101
11628
19123
22883
7276
9598
10999
2041
17575
27102
13451
23032
721
10470
15474
11161
3863
27805
1746
6485
21957
11143
25267
7022
9344
3436
24296
31215
26125
14709
31672
13763
23441
18413
26653
473
11130
12128
4602
27823
136
10992
11959
10582
170
14959
8907
3416
14905
17165
14853
18524
13553
27898
23532
2590
30834
9046
4952
16395
16374
2122
26577
30990
16852
7448
13482
16231
13640
25012
5973
5828
22710
25570
17805
25268
26065
20435
18942
26443
19130
20043
24473
2166
18830
11021
16669
2493
11345
16113
5368
927
1527
20741
28331
24094
24378
10254
30053
27320
7428
18063
12347
6744
19580
10525
23745
24038
17239
13711
1193
6016
2529
24915
17885
1116
26810
25749
12299
27819
232
23151
26191
3608
8403
13828
27855
16894
23321
94
27678
18685
5088
1683
28156
31163
2670
30218
19533
9822
6099
19168
1708
17529
8607
9312
20916
11134
14562
8458
23123
11202
9837
6977
25978
29996
25541
19776
18919
31885
13905
8932
25223
16526
30422
226
21169
15512
21997
31357
30306
24120
29707
12440
28199
30358
20212
15094
12342
18800
32521
30791
20976
8231
4692
26100
11947
10815
18830
25990
3484
8111
27431
1634
12243
30424
734
26398
640
32262
1270
3220
26938
9256
25152
6505
23086
13452
1483
4671
8989
4006
7976
15974
26715
32451
628
26568
20920
20981
25997
21041
25693
15611
12531
18168
31671
32120
11271
19257
11311
24833
19172
27494
12264
27048
24279
19225
10492
23534
10785
11152
11749
28772
28783
20696
14885
6338
9219
2486
20664
8819
24874
19166
4483
21773
6482
10376
12413
6132
12725
10290
8972
8812
6496
12797
2350
18638
7451
1543
31860
20951
14101
26396
3771
22562
24711
24154
1426
1479
310
16995
4459
22653
8001
8850
30577
24960
29363
5077
25086
11198
6753
3958
14887
2130
3888
26810
21667
13936
12053
24761
19165
6160
6779
13402
23020
15527
17891
4013
28362
16096
16858
28111
797
10218
11707
652
31554
28223
12470
18598
14884
28604
17886
17259
32454
12623
30884
452
8812
3868
21442
4573
7849
16196
19375
31233
32489
11775
30872
24668
24523
22386
16753
9031
24148
13529
21070
21605
27058
22377
19559
9124
16692
2298
7953
16164
9439
28727
23657
10062
19133
829
16278
25107
11056
11569
18802
13625
30408
1522
6514
10618
19332
2840
12547
4463
25624
10752
12669
17001
15472
3946
10630
30605
27149
17153
5939
23201
10840
15410
6067
2063
18799
26457
23877
11544
15362
28241
16598
32593
18803
20026
32101
6543
21215
21677
19408
8954
5485
22780
25624
5128
16379
19101
11714
15380
3655
4963
31705
6379
16274
24264
16087
24192
31117
17773
6195
5214
29231
9183
15888
18332
6797
18315
7884
15693
12376
7396
29384
31576
2627
3828
20971
18879
25895
13389
21850
18148
24992
1226
16509
3100
22108
26436
29376
20810
11277
23778
18116
15315
26677
12965
9142
13479
7472
5240
12173
8509
27621
23816
2649
12258
22958
21243
1629
2687
24357
16214
27408
1411
6622
1502
24809
2601
21616
22111
14708
7682
14895
3417
7145
1200
1293
14974
20069
32754
4350
17541
16125
1629
6741
27184
19416
8533
31523
2326
20743
29256
1257
13618
10113
11273
15489
29535
3896
21604
7333
23494
23748
3960
25653
8593
29495
31828
18468
27590
13981
14276
17899
32131
19728
30646
7367
8601
30339
12412
27172
9726
7807
21690
11663
13553
2860
8751
769
21494
28855
19038
13928
15803
1915
14908
22884
23716
17132
13594
27165
19009
6741
6738
10668
10424
26464
28604
17273
4961
3070
6927
20604
22981
27272
20689
4454
7325
21941
2921
19140
10676
7149
12317
29330
11604
12615
30482
23586
29125
2712
21943
9966
9816
972
26757
11745
14186
27611
13658
32114
1740
1716
13005
23454
15926
149
28373
2420
15435
5867
27284
14562
22824
10519
19543
13827
9856
21871
10085
3343
3567
4544
12318
19991
3942
15231
12179
6669
4072
29188
1138
3493
3400
8043
20272
936
26302
28959
23189
16488
10768
12208
27405
18496
9631
18177
26944
16262
18889
23711
8302
15783
21774
19359
31475
2544
15365
5377
15523
14124
24419
11471
8373
3097
32252
27144
31042
10959
13624
16779
11114
26159
29626
4665
9233
4907
6290
29334
4571
25730
20196
32371
24610
1716
15974
30257
12965
5671
10174
20356
8116
14171
2786
6165
21319
5328
5738
25133
12665
19520
7131
8094
2035
5629
28295
14355
15395
30127
32252
1270
2546
8923
10069
29284
20282
16343
27011
21877
20673
27397
21702
24137
17745
32583
17912
16278
22983
13608
13349
6515
29703
20715
7693
4120
22086
23745
12729
16347
24817
10403
11306
9530
12289
22446
4533
15389
21142
7531
8618
19151
12097
6520
14719
26628
3024
16661
29131
5103
21849
5828
22523
24830
31178
31344
28684
25671
7716
7725
22854
9367
25898
29234
31783
3234
15784
12942
13342
28576
8861
7650
9235
9466
29873
16930
1381
21461
25650
15496
17930
22352
27610
26255
225
22023
12612
4017
22935
7824
18976
15937
24209
16339
122
2762
6869
23760
9240
418
30436
4135
8457
11991
22318
24248
19223
31631
18154
23389
4022
11739
24855
24565
31658
1867
27287
10460
10178
2121
10427
24515
17562
3643
32537
6470
30235
9645
17335
22833
26222
3033
32558
22812
6861
11241
31426
1206
4373
13837
26872
20148
17612
29144
22520
10391
4362
29716
27929
21436
10593
16319
22108
26213
6407
24486
13148
5001
20331
14565
27659
1612
7431
32688
9731
18289
7360
21009
30945
15878
12060
1168
13572
19677
6026
16200
13196
20883
11617
27842
32269
9647
10450
9163
753
26731
1959
12158
7678
14531
20581
27919
15208
1280
27152
27515
6765
13471
3605
8659
24284
869
1369
28736
12449
23976
29959
20111
27659
5650
18099
16861
21646
1436
5732
14834
887
11962
32017
1404
21751
26601
19364
11624
19387
7426
18935
16251
18005
14616
30435
29321
19873
13297
19898
17765
16260
6073
9057
22090
26105
29044
8267
30184
29846
18699
10024
4259
23892
4844
8557
19998
15540
6379
16347
31643
10723
17573
23683
16640
16472
9104
4356
26160
523
18163
12144
11234
12133
12585
10255
13248
13218
28835
7494
15515
10498
29153
8372
17349
22704
20084
16073
15544
4083
26105
31093
7839
6804
17215
12480
25881
539
28122
23794
14988
25948
20023
19916
23922
4067
20703
651
7577
32731
18749
32466
14644
23649
6670
14016
17418
4663
5989
7173
27060
28434
11983
28816
15407
25157
29879
22015
31958
30086
24538
14863
2205
17399
14344
14093
23235
21
577
15663
10093
2723
3056
22150
7595
32262
6043
28998
28886
9921
1085
26542
5170
13239
2362
27612
28328
30852
22202
27522
22376
5939
14355
2174
20325
16629
25882
26068
1652
31757
23005
5638
11180
24845
22151
1423
16564
16422
18771
3479
4000
30676
16779
20626
17527
10012
15590
20270
11337
2516
32360
7968
17850
23212
4624
8379
10877
12437
16500
10692
22898
6454
26208
26296
27275
7494
2547
32131
31161
5011
20359
26301
24734
565
5646
14537
20664
4607
21153
1124
6040
18379
14748
24575
2046
25610
28233
14513
13702
5112
14911
14534
10981
31248
26469
19506
9472
22436
8154
20680
15957
30666
17358
16046
12659
16505
1885
7535
10482
22552
25622
10924
21977
18716
4034
11109
5699
15374
25077
19388
27682
27098
15437
3698
24
32185
20308
12399
8972
14950
22503
18334
10527
29012
7683
3507
9114
7847
10199
28356
22120
8918
12937
31043
22177
8954
31315
2355
20827
27388
492
28216
20068
15182
13978
31780
23015
29627
18356
13978
4583
7512
22091
9032
8587
26517
7422
10855
10183
17384
274
910
7290
11642
30510
7057
2523
15003
22180
388
22304
17282
12663
15706
4633
22329
12212
3997
21277
26406
16094
11891
21326
25180
14704
1687
26317
29891
2117
2163
23732
23775
32334
31678
21480
24653
11737
11941
10422
8418
2782
19760
25435
12919
30451
9415
23156
15119
1018
20603
31821
31524
12714
23025
14483
3952
22456
15382
30581
18576
15779
25865
26032
23048
26191
3363
20901
26834
27499
23687
19847
2466
17329
27596
17156
26440
26759
12422
2134
28388
24000
11537
27340
13862
7136
27389
12935
26591
2341
8206
7452
14144
6981
2047
21732
28066
29284
8939
14773
21145
3724
26320
1714
27259
28551
19078
19427
28385
6266
8950
8398
24438
969
9767
4381
12357
20537
27914
2647
11881
11870
31117
23944
21166
26254
10076
10611
24172
22549
2845
27097
20485
14955
4348
13329
28658
16970
10333
10706
29387
15525
11426
6834
27923
9068
23493
1430
1470
7527
7684
27240
1577
16576
20971
21527
25768
9107
25257
27617
9743
23791
3380
4938
14553
2694
11505
17083
8737
21744
5822
13554
9509
25521
11739
17582
15385
24733
6484
2839
28038
5647
4595
4962
25962
26232
32187
21191
25132
26352
17254
13226
12581
16902
16828
16674
16673
13787
3096
16783
28299
3313
30620
16198
18049
24545
23436
25651
8879
19233
16791
28023
19963
16189
28136
29456
21508
8822
10785
32309
27973
2998
1148
2036
28119
6599
79
8251
15567
27167
21739
26146
27850
4439
16118
11703
27385
21631
1284
7178
31211
24984
24757
11088
27668
25113
12860
8527
28408
31243
4977
32237
3662
27693
20358
12888
26292
27409
30665
19204
6204
17007
10007
3772
233
28450
29365
30753
26305
17176
13851
21152
25304
32237
11097
8426
12294
3909
8433
22355
26420
18122
22001
6578
13570
16880
17152
4859
26293
15624
3098
23013
846
15363
3542
6931
11813
17746
19644
10206
13484
14643
1430
25218
25645
2756
6188
18313
8958
32334
20550
18783
8500
7723
30479
19142
24765
24593
17548
25493
10539
28044
17896
14743
16179
22648
3317
29764
20967
25202
29453
30807
15702
12898
1874
28146
24591
21895
16294
20598
10844
7057
31293
29992
17876
3767
12196
5657
260
21536
19324
24703
31418
30807
23939
28221
2547
28396
3377
24950
12522
1568
20129
26621
16636
16105
27151
14184
11340
788
21022
29235
12018
15046
30748
10898
9975
24893
18795
23305
21217
747
20234
15892
15666
18502
14682
28240
27341
107
5450
29597
26156
3569
8769
1447
29484
3558
15564
4571
5053
31632
26
26591
11920
10431
27584
15490
19730
13338
27088
4343
9625
32347
20871
12000
16394
3477
29421
21751
31849
3839
18050
16077
23260
30170
4026
15706
6851
20147
3746
29631
20274
714
15536
7260
7996
26105
4102
17122
15871
32622
18389
16462
27445
10570
30001
7174
10705
757
19501
18695
16641
23519
22059
21495
19224
12914
3762
2050
6145
2520
28687
5998
30388
21927
27932
8111
18855
5346
13777
24600
7223
12205
24690
12803
274
3225
24432
31462
20463
1245
27542
5789
15321
22931
2888
25695
22199
14236
8467
10914
16581
8475
4868
9252
30896
13968
27357
1624
14070
8067
30020
5611
21135
23206
2390
3343
3626
12857
5412
3264
21521
27047
6289
11220
11876
28511
7871
18755
7398
6456
29977
28168
5473
21441
29271
28734
11481
10822
9862
18509
29895
24522
31923
29414
8398
32684
20550
25795
940
16634
8499
18727
31974
4539
13511
15038
18486
11031
15316
12005
27313
17895
7318
26774
4557
29054
20741
22172
19407
12155
29908
14628
2981
11670
8433
23430
22496
922
16324
14088
13605
17629
19952
1364
9708
19120
13445
25728
26667
11998
16138
32281
19678
9382
17524
24338
20172
2656
23320
16925
18361
7637
26263
25040
28167
13447
23348
23801
1336
31019
18845
2441
19755
7048
18804
12349
7937
11718
19673
319
29564
32027
8346
579
10841
27828
20954
24231
25855
32616
12758
12902
4424
14146
4609
10346
8939
14618
2128
31865
10482
23860
11848
13412
28477
20269
12354
5651
860
17113
27187
22455
27179
2894
23583
21635
13511
16442
28347
1029
1165
26206
27985
5323
22496
21109
16953
30934
31359
1405
29790
4157
18054
21641
8069
30810
9353
28449
14874
8659
18626
1305
28743
4513
15372
1773
523
16396
6776
32039
23904
4933
29594
10287
23080
6784
4239
17291
1998
12105
2891
7610
19276
2123
14998
4061
21248
24110
25286
25531
14111
9229
12076
7985
5528
1267
7344
8427
314
18756
20472
28244
30099
12606
3540
31939
5924
23635
6614
1291
27963
29232
22764
6553
12940
15853
25583
14526
25349
11063
1513
16179
22926
9620
23517
14440
22626
19454
26063
10878
23365
15081
13916
7850
30858
28498
13783
30698
23850
9068
12701
26279
13674
25346
28062
26535
11916
6544
5503
27695
20823
23514
30082
453
18949
13507
15267
6663
30479
9635
4057
14379
17712
31636
20603
23715
10342
7045
22587
24090
8476
22907
29932
24001
26013
24506
2511
21030
31067
32241
11106
31068
16208
27437
31897
23232
18461
5083
19839
28851
21040
32452
10110
5159
20775
10211
26098
7213
5396
4639
276
31290
6188
11854
20503
26945
32185
11898
32481
15207
13144
6013
14742
20782
18140
24469
21548
15664
18890
7335
20402
24623
24456
30852
31322
32156
25760
2398
9990
11463
24971
10851
31672
4862
9890
407
32264
23894
23076
17878
3403
27179
22385
24423
15123
5823
2502
29822
14337
27899
8724
30586
16151
15142
29698
21301
4203
10440
9731
11751
30533
32593
18893
21279
14467
23830
3800
9740
1898
28702
30183
27450
252
31202
11067
22385
2262
28326
453
27716
5342
19316
20209
3634
20735
12814
3540
31701
12346
1008
16116
22838
3183
10773
2162
5620
28484
11825
26253
31764
24898
27268
17819
308
18714
8215
26928
27809
24214
6597
6920
25606
25460
9854
29351
792
20946
29904
20488
29667
25418
21787
14506
32069
32151
2388
18113
1696
17107
530
18364
17662
10759
26995
22257
15872
15116
20907
2828
793
12006
20141
30741
30268
10184
1269
17897
491
4175
4215
8677
3426
27402
8168
29320
3367
16456
3051
11830
2098
24679
14347
8589
19683
3830
22121
25035
4921
15566
15127
3140
28955
22442
8076
18908
21609
26743
12228
4667
5898
28614
25245
20627
12062
31129
31915
31795
9137
22633
13253
28174
3912
1598
5105
27594
24040
31490
2709
24202
30585
24693
20100
29292
26434
24197
3936
5906
23733
16958
9684
21932
15151
15372
27467
26514
20931
8526
21596
5841
17004
25482
9213
2300
2269
2214
345
15023
24154
12052
30106
8165
10188
24519
19933
12999
32540
17755
31385
5052
20122
10544
24033
7489
21600
16895
533
26080
7398
30805
25962
27791
19677
31833
29528
16260
18988
12709
6638
31413
16766
26803
1342
28151
8465
16563
29854
597
23977
9112
28992
21177
19874
5630
12924
14270
23346
29811
25644
11604
12985
24224
1909
23625
28374
20570
6211
29535
8335
18953
24639
31155
30331
9974
4102
13451
17069
16559
32262
30781
14313
28799
31691
2979
6484
6254
4907
9883
19925
13580
489
4999
12685
26184
8788
24604
1184
28713
22185
9962
30865
6283
81
7102
1050
30161
18203
24122
25098
11806
2639
5558
32514
13050
30230
19612
13668
5058
18080
22553
31757
27814
16567
30834
14686
2022
17307
19401
7032
12466
19595
25756
32543
3680
28066
30820
6034
17259
31444
12760
12083
27839
7587
28075
12866
25242
5580
22074
11799
16105
21298
7024
13442
25999
24973
12049
20330
1667
22190
29555
8290
19674
20333
20885
14390
4770
9959
25611
13083
31373
24516
31504
1032
23616
8297
9201
25938
2049
16328
2295
24155
22955
8121
26524
26911
11382
21565
16337
30359
27149
13968
24412
19698
26656
18570
4914
28276
14144
9983
23340
770
11675
30611
6228
3541
24799
9113
12568
30938
19678
10508
8151
11839
229
32596
12465
4472
4397
23032
31872
3450
4466
334
18128
17362
15861
20799
12633
1181
5701
26657
28823
5317
23570
23677
28560
30131
29960
1525
28960
4809
29643
17786
3395
20025
12903
17824
17833
981
23018
13975
16433
7872
381
30005
9874
3674
31247
15411
2637
27996
2194
30273
25162
2105
10678
10046
11013
30384
27131
10640
19145
7031
19825
27326
13457
30739
17512
12463
24903
8782
27487
19250
117
19484
26315
27093
28770
22856
9481
14222
27884
20683
32149
6869
13389
24979
18937
21589
15936
10802
27348
23366
10291
21995
24832
27411
21110
32506
10364
5013
26130
21095
11293
21817
25196
17543
8530
17561
29915
303
31425
28056
25148
2421
316
15666
27371
9432
6719
28615
5238
6977
26219
9760
17604
26782
10257
11690
18094
1563
31122
8070
21409
7192
2999
29558
26814
26730
15171
31359
18037
2544
15152
3908
2520
6883
2660
27293
8373
10344
27772
31718
790
24192
17875
27910
638
22179
17082
24922
14097
24167
3149
18371
28765
14856
4718
5371
16782
31246
20448
20852
24238
10187
24148
8950
1173
10692
20566
4058
2641
9727
12448
7629
9864
2087
3563
32454
14317
24562
25787
21399
1496
28828
28484
4620
8095
7794
32256
24138
29015
9533
28406
13703
20475
11724
24117
7534
29745
25454
27855
11757
20159
31505
23153
21108
24441
19876
5321
19861
12409
7375
4192
18709
19760
19269
18617
13085
1472
10435
19259
27632
10703
9471
8892
2640
11011
28844
27336
6563
27141
4794
15205
8265
18603
11278
8306
28046
24810
18185
26753
17806
7911
29529
31045
28327
25896
27568
17126
23845
32346
8872
31988
7815
25682
25701
46
27802
12936
20664
2603
13587
15319
30024
30127
27725
72
12352
23643
12034
19896
4599
16381
6713
17497
21912
18969
20678
14258
25667
6450
24463
19683
8680
14722
17284
19665
22997
20864
27874
8258
7137
3054
24636
12494
28303
7716
8596
13099
10536
12000
5561
18197
28253
29697
9357
20455
8032
6829
6284
22568
27676
25346
24247
6068
24067
25527
8365
27109
27748
19822
12583
14974
32272
3070
28062
30906
22555
119
25452
30418
7626
22517
17199
32101
9439
31855
31353
21941
9205
21447
30245
17117
25280
1705
2895
19895
23922
16378
27533
11211
26658
13912
8847
8962
32438
32344
8737
22216
2479
31844
24503
17622
793
1691
29548
32141
3215
11370
2043
10408
23538
15315
29850
1450
4563
24514
22605
18380
16436
17422
14964
20208
17549
20718
2156
14535
19136
19405
17885
24647
7264
4879
5687
5616
24710
9849
4220
29212
13841
27121
1002
20863
17301
15570
20735
25653
29153
18674
13185
11753
19290
24590
2126
29715
25963
9355
27946
15929
15763
8481
18072
18688
29983
26112
22726
19614
21750
635
12776
10350
8709
17821
31465
7489
16282
22444
8949
10141
22898
5390
5933
18075
11522
10164
27362
27509
659
14137
16881
1181
7069
5668
25139
22439
14228
6978
23379
20519
30236
27167
23490
22113
20049
28878
5277
31868
31532
19355
30031
14180
24172
9784
30309
10735
25346
16381
21566
26478
2037
7162
29856
29305
15281
152
18235
6853
18177
15968
17938
29919
1288
9267
26526
3535
16451
12945
9405
6438
20446
10681
23269
17491
21368
12804
19806
13467
29942
4264
25414
20529
29479
18025
23584
23424
24801
3057
16093
18026
1865
29128
8407
18861
7693
6150
30381
3158
2062
28977
1254
23680
7803
19699
13238
15972
27471
12823
10421
14160
12115
13205
10093
10396
18754
20696
19172
27772
7350
13527
27361
5634
3600
26498
18882
1842
14256
11839
31607
1964
32754
8282
17556
30936
32468
21579
11461
31938
31849
9604
21360
8319
20430
1999
17837
2927
25126
28749
30976
13582
20256
31252
22602
3034
14224
29687
6164
2941
5397
16310
29443
9381
32126
14
26260
22337
2585
3429
1995
16159
15793
30261
23688
16804
20326
24305
32078
18810
11999
24841
19282
10208
3929
15015
29615
905
22163
31323
12624
10481
3547
25543
30611
875
8413
16244
31345
28426
5607
17831
646
30680
21204
13144
5832
32074
14538
4016
6926
23897
13293
10963
22232
17482
4898
19550
25326
21355
13035
13333
8361
29263
26497
25296
27476
5417
3205
6716
5147
18143
2551
32742
3212
5468
28635
28112
7893
3079
23335
10738
5413
22313
4985
14193
8686
24905
14150
9737
20726
986
9155
11398
21087
4409
4877
23957
16186
5963
5372
2012
9028
182
23023
11285
28397
10751
32734
1886
2416
26327
25062
7491
18598
10402
19411
18508
10565
7180
32068
19746
15025
5497
22487
1246
24294
31631
5694
2683
26010
9839
26052
27412
11485
3066
29365
6539
8051
24239
22867
3170
5107
5144
28550
6185
1859
27233
12794
17411
31425
25097
26915
12729
6131
11278
1517
12877
3481
25976
26340
19626
24091
31384
18844
28510
18769
9597
23433
14126
19345
15012
9707
14058
27996
4460
1973
17724
7804
10630
26575
31957
22840
13491
11024
27038
8461
6024
9127
24387
27501
4562
12904
7774
26843
10728
7352
20061
34
22530
7949
12707
2344
21091
14841
17547
21328
24685
18304
22677
23321
30791
17874
9884
3172
13866
17854
612
18679
30291
534
4488
12435
23227
27779
25519
13235
2679
15327
28672
20528
21017
10788
25117
3116
18648
10354
6781
23918
32529
24973
7275
29916
23010
14625
29722
3565
26799
28671
28032
6429
28538
27812
17390
26374
23449
27832
27672
23660
1800
30085
11859
27222
22064
16138
27106
14124
22352
29243
18528
14980
26699
18986
22074
10718
30414
587
17872
8635
21676
13829
8981
23160
12636
27277
1393
29593
27669
7414
13806
28618
22611
26986
31939
9123
17159
20403
7902
19395
6192
17342
11746
30745
27623
19191
21073
7711
19338
30363
31914
20220
10511
14565
7561
13453
12993
22610
19556
26176
12117
19488
7363
3857
17078
24991
19503
18562
11438
8946
6413
31155
7796
1859
1453
30366
17432
20767
6746
22222
13149
30458
27870
11875
6818
23651
14070
30423
15792
19502
14733
11743
10812
2969
6657
31402
20761
29991
11536
20721
18489
26215
17517
6721
22736
29391
14121
8731
30890
13367
14593
9129
19166
3353
7881
24785
31550
17666
22017
5138
29981
31888
31022
28560
11843
21933
9131
23884
23519
18325
23883
15872
11976
2928
14901
10223
5385
22229
30273
29626
184
21591
31023
9205
25812
27122
22300
14922
9279
32528
11585
22492
26343
8127
30507
26201
9363
23655
7995
554
20340
9747
26075
26128
19
10031
16686
32236
21570
24788
10331
14836
2360
900
29114
2987
22276
26360
29295
459
29136
18111
270
30510
12470
14585
635
13278
4258
8265
16322
6030
12732
23080
8513
22742
10078
11890
7228
28611
10255
4471
17124
9431
30407
16868
14491
25811
3623
19987
27149
8333
15243
22459
29299
2366
31449
4966
24158
4087
23111
10890
7221
4346
17599
12962
21446
3692
7580
4982
28706
29536
25951
25478
17232
5560
5714
12843
18770
31098
23322
20502
11756
4278
20168
19746
6337
21872
25491
31836
19247
20580
9902
4761
7587
29653
24401
323
8014
25902
20184
31359
23087
30316
18861
15785
23955
9748
11227
11
30228
15863
20314
24802
29518
14043
4969
3895
9165
8076
19400
26784
10209
19840
14982
30303
1892
5048
27548
5714
4046
22779
30503
18139
5789
27516
14849
28731
1854
9580
5332
9075
958
23902
27542
1830
1647
5769
11950
32410
26983
8315
9916
23388
19218
17058
14334
16426
9430
6307
12540
6149
19667
27597
4567
28107
20362
8675
28023
21951
14354
26946
8914
24037
2581
3705
29589
3867
22944
23270
20208
5355
8963
17824
17927
18592
17066
21902
3035
1185
12160
13656
31513
452
15265
4422
23156
20037
26028
12558
13828
29651
26419
31830
12727
11350
5255
21488
26865
21341
17696
4261
29965
22197
14510
20690
19829
25638
14845
23131
14654
23267
16249
20866
1158
8472
31163
13838
8563
14821
1780
21841
1264
26153
13582
30863
7376
25240
13218
5054
27491
29701
8375
6054
15113
5275
27132
28710
28454
30185
18086
4792
16185
24536
696
9319
5115
6812
14281
7757
32409
18182
275
22399
9826
17946
1974
29926
17795
16857
15302
31945
11049
22953
11860
12764
2517
14604
2316
13549
23303
24147
15388
5985
2735
15638
14561
24901
8950
599
18026
10358
9467
4890
19965
31225
29392
32696
13662
22301
32058
7982
8962
32094
19494
32764
20583
20801
11388
21658
5905
2874
20593
20495
14533
25349
32302
12134
32429
23167
4723
24595
13396
9521
25752
28579
27707
25945
30153
4317
23311
22296
11000
10668
11010
20792
30877
15073
19336
27963
26295
6305
8265
15563
22958
1349
21014
24117
11662
276
8010
26998
8109
25012
4737
1120
30140
20580
2376
5534
32550
26765
22613
21382
23603
16559
21723
12909
27397
21355
29410
31560
29471
8038
15203
3180
19340
32723
16188
13490
12492
25219
12591
12907
18677
32588
2979
12432
31024
29622
25366
2576
24080
3955
2029
10114
4306
27258
18834
20166
23174
20078
20991
29805
24110
18405
16015
25698
7863
22635
11461
29970
13744
729
16780
8695
3661
32557
8442
16037
32729
16348
13915
24754
9084
20830
7889
690
11485
6254
5700
28997
6033
3342
26163
31306
26281
5567
31895
29052
14453
12854
6256
5453
6286
16221
17211
387
5564
17361
152
18042
9592
11125
19084
29703
8380
21685
25446
32068
7170
3555
26016
13142
6496
13789
32486
190
24404
10602
4108
21463
31389
109
14480
15010
12322
24315
26313
29104
13747
6409
30159
4144
28075
17148
1860
16789
24736
31937
14844
5043
7161
20391
11820
3156
2060
8153
9877
10686
10029
14230
4490
16766
23009
6634
6212
14645
9166
27782
2858
9370
14625
31875
16386
28840
22986
31758
18924
28099
19560
29600
15939
19630
28483
20628
32424
30108
9206
10883
15228
27235
22935
1293
18832
23921
27435
32199
18061
31195
28935
13246
17148
32173
14177
3301
25415
26379
9063
29736
17342
4441
7075
5931
12953
9867
13168
18720
4719
29331
27021
21220
12732
453
21579
19507
23256
18931
17160
5190
21641
18160
2744
3620
6867
12369
17275
26906
1484
28509
7795
21606
19916
10921
31047
31968
6884
4224
2683
22689
20409
6387
13109
31104
4397
18818
17817
32723
19573
18970
20181
16145
12419
14293
16773
10810
4069
12810
25909
22305
22470
12973
12287
20760
18437
30049
27347
2705
31855
10762
19986
14550
6468
27607
19017
20908
8659
26178
18501
30890
15297
13066
31596
12642
23218
4173
26678
3233
30274
5591
12892
1395
26815
4470
7335
29002
24236
7052
10324
25311
18307
12462
4017
27215
11186
3956
14410
18300
16041
2762
32070
10094
28841
5396
1087
2573
2148
13955
90
26936
6794
885
14044
18348
18901
31620
15810
19385
4492
22158
21516
983
25816
24400
20500
4384
27392
8862
22411
15250
5755
11619
2165
3734
16253
18252
3104
17549
22223
30459
10997
30899
28520
13052
26541
26209
8527
31177
18401
22589
13278
32700
19803
23040
4334
6670
17031
24846
9269
20154
29419
22644
28744
13777
283
25728
27350
21341
21937
12138
11786
12276
26693
18333
19069
5513
32037
23669
13797
9785
5564
11658
4273
29840
24523
23829
26409
26947
652
27095
30976
13973
15610
25004
1589
20583
25715
24350
26691
12300
14442
3454
1551
5582
25297
20852
21417
17261
27329
19016
4226
32578
6026
9530
16366
19978
7882
5640
16816
26380
2759
26804
15232
2531
19602
14918
3848
2186
23435
8847
8434
17964
15156
9239
10110
29346
8129
63
29635
9686
18722
32168
16912
585
14085
32727
14237
29192
5401
15838
22711
4409
26611
23344
27583
4457
14807
32744
10552
29088
414
32330
27532
32668
6811
22814
1549
1367
18876
1220
8501
20666
16737
7510
12101
32120
6117
2383
30966
8721
18412
13641
30101
22323
30182
2083
2586
242
13716
17846
30805
16163
25861
30184
31127
28343
2153
153
31688
9401
11243
29402
30094
28019
28140
16032
21662
9605
28525
13752
7739
24434
1997
26509
6336
11716
15955
24051
21830
14652
28230
1224
4986
23900
3339
5803
26148
2289
14964
23457
32368
12979
23079
2350
18937
19675
2716
24849
27721
24141
21612
21999
24515
19858
29509
22381
31153
10504
28013
25117
8241
7217
10903
28547
18035
22055
29548
21447
31862
19826
11529
30272
3941
23164
8266
12587
14598
23313
889
10026
27675
5947
31411
22525
17078
6542
24396
9124
5305
8723
11271
19426
9557
6978
24668
32709
3483
30210
15418
19714
4987
6982
21737
19937
6905
7084
335
8563
17785
20682
15207
1117
19247
19094
25481
29531
14310
14852
14361
9576
28370
29792
6594
26065
21229
26838
5278
18501
1934
21119
23470
11134
14353
10417
13059
15051
5258
6524
17876
32715
16760
22878
25892
22529
27837
5422
10008
28118
9304
24520
30445
4281
8362
20013
2846
9543
31880
32327
3051
9514
13414
12867
9365
29711
20257
11502
6736
13001
26477
27354
21339
10148
23988
32105
19117
25207
4998
31334
28003
21678
10131
102
28157
19289
23860
19628
24237
29888
7502
13236
16985
5627
18425
31635
17333
24526
3387
28982
14411
7356
15953
27945
18467
10903
17232
23218
3259
28900
11983
27399
28031
26344
10764
21811
14573
1431
22943
664
26992
2146
5954
5816
24011
22235
31252
1599
25665
3114
28073
15841
16362
15650
14851
21596
4160
9460
25715
27183
25590
25945
22613
1714
21971
27040
16766
4733
8891
22633
10068
13879
410
17414
8265
26441
17485
26835
19002
23665
19811
21006
22470
18922
30150
30193
25790
19142
15359
15421
31284
10675
18036
10116
4515
13355
20275
29312
25528
26000
5074
26292
4584
21491
13251
1800
29648
11568
1143
19404
6222
30793
10291
18858
1660
25671
11571
8150
14596
26127
9238
27811
1655
14267
10049
27170
14529
22942
22268
27928
26549
22374
9401
7222
25538
9626
19561
21849
28381
4674
23952
17720
7837
2428
28024
564
26936
2468
8113
28770
1623
28149
18396
30602
16434
25078
9059
24365
16864
2110
19080
27353
4945
29103
13678
7495
31802
728
28589
6818
16749
11563
10564
27229
7553
19695
8081
1436
6109
26649
25129
19030
4748
29912
26849
24345
5133
11577
11131
25189
3176
10385
4524
3451
16987
6919
7454
21754
10212
3213
9564
30375
4644
8502
32278
4824
25276
21997
2701
58
3664
29583
25215
21370
7859
17488
9804
7947
21169
10308
20907
31764
14911
11668
188
26127
544
10587
25011
26869
29459
14938
16049
4903
16171
31426
30778
29804
2253
4002
8833
28446
20296
22124
30320
32449
23067
29016
5375
15913
8491
18051
30681
8544
20362
13542
14497
1930
20236
24395
3847
20983
30510
5205
12260
32356
7305
14169
26062
28353
32217
31433
21583
26098
6110
18094
1268
26635
1827
21769
2291
16627
27779
26305
9967
16412
10260
24283
9780
24217
22671
14791
1947
7732
9448
14870
20456
24435
7661
31214
16139
3419
6033
21842
22728
27961
26278
21779
5867
18329
26298
24141
18076
928
15138
24183
3469
22078
9816
4385
23464
7237
17198
16624
32196
6256
13807
5466
3081
16775
14331
32252
1810
22992
10168
27804
9935
2954
14207
15624
7471
9504
11173
32602
8412
8083
13899
16585
30275
29185
24196
32001
5630
6209
8193
30891
20143
26386
4155
19007
11321
11835
23665
8110
7519
6321
21797
13596
29771
12335
12499
18685
3514
22034
31254
24789
31332
31152
27402
14028
21784
14417
3813
11706
26129
2640
16082
1311
30457
218
9843
2104
25274
26280
21435
29367
232
10311
3174
7158
665
11951
7225
4351
32503
21946
18856
25287
17556
3584
30717
9415
19068
15924
5604
27143
19524
10312
13197
7909
3234
8076
29334
30593
22403
13708
6428
10120
10845
32076
12681
16505
2505
9448
12240
23077
430
25451
13912
2164
21686
13973
15792
13696
1294
6129
3769
21038
10168
23824
3270
19882
3304
32598
13741
8248
23537
22063
22687
2013
3962
19198
14218
8946
27879
2636
23310
11319
32512
12955
9036
2153
20096
24977
15228
8192
6807
25214
5041
27337
28705
21933
11607
28107
27615
9336
4237
24716
20588
6785
24276
23154
8533
5337
23765
24000
7574
14549
18520
20139
1614
8400
30314
30563
14472
9420
30836
23287
26769
16041
26896
16252
11261
16586
16059
10953
7452
23827
18146
22840
14994
535
30038
16034
21859
5256
12407
10081
4485
24887
5764
2612
31240
25637
27654
16858
31189
11346
26873
22944
22740
8331
11457
2566
14586
27338
16854
750
9172
26908
28553
26710
4432
20954
23673
22753
18146
27044
20480
29451
3593
19985
27724
10347
10783
10955
20408
4114
14716
8639
21607
4112
22594
32609
4603
9686
16320
4269
8922
24883
2119
14613
28235
10577
18153
2764
6427
26222
26924
30952
5687
16178
4518
29680
20790
29824
8405
11802
2423
15046
28014
270
26086
2970
24316
12692
3436
21170
20922
23724
31537
2186
17252
9455
28832
28492
1401
27291
6683
16510
14733
11806
26863
23761
16048
18082
23478
17540
1037
13716
14201
17205
27211
14862
7640
3341
8745
1323
27661
3657
31306
13029
7136
18991
1911
24891
3743
8338
6222
29775
3572
26948
6869
22855
2790
15780
11551
32460
18059
11321
31704
16482
1815
19218
17486
7769
3859
22680
14632
8634
26189
32215
31014
367
22601
18552
26471
20486
141
18582
10255
4447
13798
25301
23991
16390
9764
15060
21463
3758
27419
31854
22245
7752
23380
5037
7450
13298
950
27869
18213
30266
1221
31024
30701
17964
5801
21362
2319
28839
12009
4976
21946
20705
5215
14750
32009
6199
32213
25349
3296
29429
31593
21161
10051
21721
16590
18255
12611
28910
14337
3622
11497
8848
30805
27937
13959
8201
21633
4696
1443
23885
9452
13969
7358
23286
9345
26614
32611
26411
4508
13731
9138
8696
27185
22669
13849
17980
22019
6132
24026
21568
25491
4772
3910
1508
4580
13809
3369
7348
12282
7904
24552
8525
31310
14983
20410
31634
20893
16881
31012
27688
32140
10023
14233
29937
15008
11624
10609
26860
31565
11815
15064
22677
20927
1128
31778
26301
23417
14390
12562
26757
11078
18554
799
12620
10420
32053
25670
900
7354
7182
9262
29580
12940
20255
7611
4647
4167
22576
26992
28621
12318
12403
30053
3385
29959
20348
3996
27543
14017
23788
17726
13729
2890
25034
26670
31260
28802
6321
17671
3389
31933
5062
22589
24113
6763
13697
24704
15810
25928
1989
14248
6469
17057
3066
32569
16421
753
21489
18315
18148
28975
7009
10528
10064
4855
29485
20988
14442
28024
10171
16077
18412
6516
13246
22891
8011
6273
24112
31680
17044
21384
12038
21465
27661
6911
14188
17707
13279
15117
2894
27849
8690
28981
10228
10388
17748
14239
32730
7620
1311
23251
1897
9897
29911
2538
15951
26035
5092
4478
10279
14925
21536
18219
31377
1817
20209
1197
11996
11878
20923
487
5561
28563
28924
32264
27564
4637
437
27718
8564
6817
28
22757
19286
15283
6826
26385
26099
908
750
1060
9206
2459
23313
23184
31470
22978
6664
13384
16024
14886
24868
22144
3081
28002
29447
28641
27548
6088
29674
12049
21062
10754
13735
14115
7796
9535
27486
14365
15460
27014
14266
22167
4699
19387
8985
6425
26892
22401
4524
32168
28804
13929
27808
19837
27895
928
20436
14426
21870
27661
26327
1625
23097
8021
15332
6463
17006
27938
32649
15112
21786
21221
1795
1196
26411
23892
32376
8504
4902
27478
2874
11544
10309
29810
9951
9627
12957
668
31637
5585
3662
17629
22409
5690
32612
14803
10501
13572
16425
29168
4983
11242
18036
9672
5990
30918
25496
19953
10576
8688
22357
19062
10391
1532
8383
32506
32484
23070
2111
16066
27818
15742
15612
2370
28624
2847
29710
27574
9105
13834
1323
30207
29072
27833
13680
32707
6141
2301
27841
16045
31157
7045
5078
3343
646
30254
1026
19172
29539
17028
17482
30618
30743
24204
31001
31265
13384
15372
22630
24359
13474
6600
19773
5573
5353
1027
12857
29255
14845
27393
11212
11774
11265
5333
22908
1507
10646
31784
32370
16050
23449
21255
18282
7326
31861
3353
5032
12175
6150
30676
20575
17047
8168
25760
31577
14206
21408
31243
8312
20733
24870
19336
8494
31376
20237
15470
6081
8754
20770
17332
318
23770
9033
20292
6353
1750
4040
26460
27125
4084
13548
10172
24218
31651
12405
10990
10780
21821
17324
30755
28594
15622
5211
6595
32376
8738
7982
23141
27370
25191
7351
28228
3511
16103
25232
5170
6312
27584
22154
11419
9835
30574
776
16720
11384
18968
17194
20507
20991
29276
20853
8490
6908
24608
31624
23980
6868
28991
570
20463
32603
21160
28134
26514
17876
8209
4353
9150
21719
10383
27481
24734
20026
2330
11478
21339
14646
16719
993
30499
29763
1303
32036
3445
15815
606
15697
28318
7468
631
5102
3013
28143
7603
11934
23942
20423
16232
27814
19457
32022
27962
22044
7099
19832
8726
4889
7556
31813
29853
12339
11242
15221
17577
21587
26205
4092
10252
31492
1508
23755
12861
32712
30561
19011
17318
6436
23419
17328
32604
15688
26870
4928
1803
8713
20183
12415
8887
28548
251
1030
21426
6743
31579
24033
906
31216
12169
286
4199
10633
8446
21501
20646
3249
2937
31570
25717
2582
31923
8811
28928
29213
5072
4387
18895
3803
29035
22145
2227
30902
14659
4295
17262
11232
10675
280
154
8223
31185
22340
29146
19094
26821
14721
32301
26788
6967
25949
25166
10979
28952
14261
6986
26490
20216
8947
16482
12695
26675
18947
18076
23012
19586
7218
24293
19354
15069
8360
6945
24006
7170
26567
3162
5722
4824
31297
25689
14044
23950
29106
13357
7732
11767
2673
10447
25476
19028
7191
31589
24800
24274
955
2831
14908
1721
10971
22481
5502
22203
11768
5334
18007
6721
29832
26562
17741
1079
22207
14632
8649
26969
2459
30282
16712
1515
14283
7162
2040
674
31480
32681
27020
17367
1091
1437
14428
25151
27785
23999
19049
23917
29481
14270
27943
28054
25021
3814
25617
26268
12454
1635
30581
30560
27780
31432
4560
10422
3447
11679
31112
9898
7672
20462
12271
19431
32108
30932
27017
19797
17359
7937
13184
24034
18381
15193
11156
8628
615
2598
2166
6994
19803
26603
14916
2382
2863
31480
2093
5206
22493
15621
20673
1026
24277
18211
3618
11152
8669
32037
9924
25718
12680
8999
7486
7594
19710
22045
16897
28668
13501
13725
2298
2871
6670
23731
5995
15464
27845
14479
32761
30074
24942
20554
20876
27081
13239
20943
18574
1471
25958
19407
22105
10349
13818
26175
21608
14282
31196
9169
12127
23369
17811
23973
10862
30724
8066
19803
27437
2771
17878
5209
32342
29498
3307
22139
28486
10404
26102
11912
790
16527
4722
10482
28978
10803
8819
22645
17090
30361
32598
14763
18393
18386
27942
9915
27288
20996
17716
3584
31421
16059
15536
30777
4910
2958
25570
15637
24598
29755
6403
18475
23791
28463
16035
31950
5648
14682
6237
17290
26328
12503
13314
8747
31058
21322
17980
14358
24864
17545
13199
13836
5828
24757
10497
16981
11158
24420
22904
31033
15354
22604
17245
23263
16035
27759
6135
2591
18151
14653
30001
14330
11879
5478
12860
10133
22548
10144
22205
23102
14849
15911
11502
27089
25689
23264
1329
30212
23411
11443
26794
17160
7237
6569
17337
21403
1975
9335
24460
6185
30381
31455
27300
21664
30536
15029
29611
13937
2508
20772
13185
13635
26640
12527
20957
11562
16870
16348
11867
5346
8438
13011
945
6358
19829
3223
20760
16146
5015
17152
28778
27130
26344
14892
16490
13146
3285
17148
23935
29909
1159
3236
6235
14145
21176
22251
13690
4631
18358
21750
12135
26456
5562
1802
29239
17304
26320
4867
22753
25295
10146
12051
10242
15193
28778
5495
32469
1216
31592
11787
11059
25465
30365
27821
32397
10074
18822
15346
14946
16453
7631
13344
24452
3951
1924
9536
21625
3934
2326
15694
10105
14300
31799
23593
22758
10005
3003
26560
11805
7156
31682
16711
16375
9295
1787
32185
13669
8509
30108
12461
30843
11897
15639
3751
9450
23332
18346
4801
1296
11241
29623
10688
7472
3665
15283
10872
26667
15416
7652
13961
3720
13427
5438
20062
15990
23123
16204
22338
25674
27732
15560
4602
3757
15595
9530
24245
23383
31039
26918
6169
21928
12744
29485
26510
23343
17991
31623
1140
6262
5358
23571
10118
1701
24843
26515
10244
30371
25838
28571
27643
19710
30039
22283
27799
32614
10040
8091
16887
3134
2375
16227
20158
18923
15161
21202
12138
1504
809
19570
9034
30913
3095
31426
1174
14030
15087
18727
31242
23910
29974
15448
1523
13996
6622
29047
3984
30559
23213
13197
18480
7139
1752
29894
4322
13118
21117
22238
19202
10054
10421
8168
23797
5682
996
4758
5014
11142
18128
23869
8369
3925
20730
154
8629
18698
2353
10111
18073
2877
2032
21797
5951
20825
858
18428
8064
23427
7385
10411
8236
27075
12133
16869
17045
1166
22779
7337
23690
10052
2510
28077
11981
17961
785
1902
32212
16303
7754
22150
17674
26682
24261
6917
7611
1824
906
7536
17840
20936
27991
15215
9683
23894
28842
21188
28413
24348
26981
5466
2344
24098
11104
24284
31055
27882
6494
4884
11924
21369
511
23363
22791
32734
26186
22806
23452
4505
8337
17538
29629
15710
6471
25002
32129
27854
4157
29080
28330
32304
22458
17933
19022
1412
22774
18311
9552
25624
13298
5317
13529
16123
29517
30548
30995
30100
29454
28758
24024
18912
15180
12533
25448
29738
10071
4868
17022
384
8032
3253
25093
554
16707
26267
4429
3308
9409
10202
922
16624
2165
31529
7909
28869
25755
8007
16302
27149
16596
24387
1458
1967
11972
1432
31986
14329
24059
14585
5006
10987
21858
15895
32208
4076
7110
8997
6151
19653
23493
9683
6355
3938
16812
11355
19421
16243
28321
25358
2397
4646
20593
31771
29393
7484
29975
2628
6133
5397
15335
1801
32311
3601
15890
24789
29888
12876
25503
7467
6070
22930
8362
11433
11751
24889
12258
23784
19483
11982
10203
27923
6563
15113
788
18822
18384
25700
5189
28213
3299
24763
15013
18645
30000
31676
15373
19554
30324
28973
26096
10769
27091
29325
20662
31839
25129
18238
27023
27788
1610
818
25943
1064
10702
13832
27216
22250
21656
8302
23762
2233
32230
15841
17430
23826
26745
10250
22964
29838
28400
11066
2895
19391
4154
32104
4393
30204
11133
30633
20380
25453
12572
721
3081
3
3502
28385
11705
1904
29149
8403
16053
6667
29588
13726
27007
24691
25440
21772
10036
6210
19613
1879
6832
18950
6106
12933
4855
27829
14174
8283
26541
25072
29168
27586
14688
28398
10526
11634
27503
773
25207
12184
29758
13990
31312
16801
22198
4703
24109
31852
18459
7696
32692
17691
6017
20325
14108
16723
22414
19737
26269
29339
20624
24356
30014
25410
14779
19783
14742
21622
15446
3597
6403
26984
29058
11207
19118
4144
26223
9645
18478
7334
1454
6996
19749
1153
32156
13134
30858
27277
5545
16380
3099
25294
30242
26954
11219
21080
25674
31339
13838
31906
18681
10301
24014
12300
8748
18740
11219
24952
24282
2803
3997
22723
13628
19463
7613
12862
8530
22487
16081
22160
23290
8169
17547
23162
21074
13221
13646
19521
5070
1822
7240
3408
9222
24092
13238
15242
7167
14004
2702
3639
25361
13760
29534
22318
18578
13686
9413
8462
25000
5049
8154
24199
6076
27554
6866
1841
16593
31321
2668
5788
10040
11035
5720
5830
1
2123
19980
16664
25986
30536
27551
16359
12006
19219
1959
17124
15190
24265
12711
29150
19948
1902
1437
13585
17511
30436
19924
29759
7537
10193
22480
22439
14919
18867
10296
7525
6477
23105
14911
17577
20853
30931
10343
9183
19101
23853
30871
14584
26676
1229
27746
13127
15752
21811
11836
13237
20833
25057
21776
18088
5524
397
31483
18699
19762
11688
18088
5769
12046
1726
21766
10822
813
12633
4395
24153
26706
4644
10946
30631
10904
2722
17740
13774
15666
23893
20822
6452
18922
27398
4140
28676
29239
9109
12506
814
2319
21695
8188
328
16766
28433
27265
31959
17081
23216
5825
30793
7803
17283
30259
13713
32052
4117
2150
4283
14008
12876
22835
18913
3665
14586
26610
2574
28160
5642
9666
8069
8371
27470
3832
4238
30538
30497
23419
15558
3971
9529
7104
32470
26172
18480
3003
28675
683
30798
32632
23220
1218
6998
31883
15085
29319
20244
860
17057
750
6806
12618
13510
25154
11714
24280
24113
5484
1456
9285
26815
9265
14888
22353
21708
27246
31982
10439
20101
16577
4619
25735
11465
27815
26212
2529
25046
29267
29622
21203
18436
15809
30665
19196
16589
11864
15178
6476
28713
18055
29096
30087
20688
25760
28804
12402
26352
15954
16615
15236
5231
12571
12641
32526
18895
2022
20290
16649
21630
30806
7003
16394
5540
32369
24675
11587
22833
28133
30066
16306
5931
25969
12125
12923
29494
6959
31119
17271
24492
13053
13666
30244
1765
17199
8213
30000
18416
5776
8780
31513
20362
9591
27516
14671
6389
13096
20094
26999
21705
7836
18373
12154
18838
24553
4681
5959
29239
18373
1727
16761
11407
11330
30524
14736
26892
25266
22224
19804
30091
16406
1988
6154
4191
4187
416
30325
19239
12746
1411
10583
16890
10672
15467
23491
9190
193
20353
16654
16429
790
29592
15344
12735
8977
22589
11922
13962
31569
11837
28151
11383
24504
30200
5357
31426
30763
566
24001
19763
9946
23939
26107
30909
5489
29776
22735
23610
10031
13477
1685
25194
21868
26176
20200
13197
12886
27936
9141
30091
11383
807
13539
30268
13572
30015
19782
22954
1578
570
26813
8690
22949
13494
23732
20705
7090
28175
22811
15171
32073
4793
31119
23604
30853
10360
10598
2528
1048
8016
4455
15105
28455
12340
24112
26868
11308
15542
8398
26562
9633
15261
7059
7294
27124
14036
24888
20189
18158
23931
580
28507
3043
763
25268
17227
14314
4975
11387
27083
20356
14689
11514
32198
494
28724
14079
25805
1084
23446
31802
7385
10826
6915
4957
30305
2128
495
6581
25466
157
32465
6443
384
6217
11071
3360
19941
21263
14628
8109
14884
19194
13907
12040
3836
5088
10812
31025
23673
24017
25297
14691
27946
12311
4605
14607
9548
29112
16242
7621
10050
4023
26884
23678
720
18011
20518
15319
17662
21839
29949
19896
15182
21948
25221
21265
12265
12046
695
4765
10095
5524
23815
11669
23325
4475
23880
24183
768
10413
8661
20665
20038
4676
1669
23073
20736
175
12369
22072
12025
13057
12432
5958
16709
20459
5789
28379
11171
32766
10865
3921
13051
22157
25124
30160
31179
10071
30316
1192
25198
32584
10617
450
7288
22094
21112
6417
26252
19190
2210
7746
18084
27311
11316
16778
1576
29753
30874
30932
21896
1888
19749
30028
3478
18233
5704
29262
4909
10341
8169
12228
11471
28755
2701
24851
30943
11643
1431
8353
23067
22327
27
17065
12138
10403
12647
3340
14263
31671
32054
13344
21020
440
9958
3067
22988
7444
18579
19339
21076
10183
10785
13420
17931
22804
23642
29238
23276
6847
15795
3080
3929
18940
31394
26590
28114
13950
11031
9524
14873
23977
15540
4669
13268
19313
1578
1453
23032
26684
27288
23901
19684
19873
