17943
22196
27649
28202
10793
5242
32160
25845
22916
2736
27141
5807
5565
21261
22754
10078
11837
23894
31183
14912
25824
24907
14926
1482
17755
2995
20832
18105
30743
19757
2648
24833
13604
9346
30747
32432
29393
6610
937
7998
15842
3023
29883
28444
14801
3461
28037
30537
9810
31324
1974
6259
18221
14290
1404
26824
24930
7203
29917
8532
15018
5486
3896
23320
19864
32224
15403
30539
9067
4321
17750
16455
15176
20361
28850
2842
30716
26191
29014
30739
24536
15186
9862
20068
13074
10404
21289
1865
2957
30626
25129
18047
3018
14197
8915
5862
3442
2567
30478
23097
11591
24149
24069
27725
1248
11343
13642
26851
26614
27829
4994
3956
14047
9862
18101
20830
19015
8580
8683
29237
4898
18133
872
30549
11660
28440
16569
31835
2656
21605
21635
10366
10563
3979
4790
5837
15869
29454
18532
26063
18695
8123
26924
32703
1655
8377
28957
18839
8188
1202
6129
7781
9426
8007
12815
5822
25733
647
15584
21398
21387
27567
29610
15836
28605
13804
22479
7331
22798
20376
22727
14564
17399
11594
6994
28325
26626
7211
543
30889
31931
11681
27309
23134
10540
13269
7778
23571
12681
20990
9101
18304
25834
6716
31208
14611
23982
30222
20856
23831
16909
16678
19726
2315
32188
1026
30425
16926
31785
6029
22782
14070
31533
5640
3992
28290
25338
21043
27552
12001
32474
25838
28271
30945
17802
9701
11219
21827
31231
1137
15405
30300
13049
11643
8709
5433
897
23378
13181
11912
14732
26846
4543
24629
27549
15852
30926
17339
27172
12295
27927
18364
21440
4687
13154
16809
6925
5506
22916
3975
13725
8590
12034
32117
23108
20550
20826
2930
12704
17600
19923
32265
16644
12185
1742
2793
27308
7109
30143
29333
18565
22707
9316
31576
1907
11930
20756
10179
5949
29960
13907
8687
8536
20175
15711
498
27233
20466
20179
21228
24354
2820
25280
18804
8554
28756
21812
31273
21395
31560
28121
3063
15360
22284
5538
27374
30974
7390
30263
13618
12986
7371
994
2492
25421
3178
11754
12980
7896
11625
30266
10574
28404
11529
19701
4346
21480
22735
23547
31058
17445
7323
23204
26326
7401
20177
9694
15034
16746
16467
16411
27612
28609
3504
26902
17054
19521
5259
32734
3345
4232
30504
3544
2486
25836
28186
9700
23707
30176
6404
29477
9913
2298
6687
2990
28331
17071
14749
10013
10637
15407
26556
6140
32363
32586
3208
24029
32371
30035
24060
10423
21853
2836
8345
17673
141
25007
28203
2341
14467
23675
17550
5112
18828
18079
14772
12312
9652
32043
27805
21771
26940
4273
3201
16434
22755
17829
31436
4733
6331
26609
20006
20859
15162
3270
22935
1907
15603
21272
27710
14005
24231
18901
2790
20966
5837
2812
29997
14149
17735
25958
12414
20942
31414
1068
7740
21051
17340
10197
28404
9661
20038
1936
10047
18024
1273
10547
11818
29746
11133
24831
10369
22778
16618
3202
23086
17091
14252
13974
2001
18238
1812
116
7430
17270
12343
10544
20884
6802
11044
6857
22942
13599
20053
27496
12814
22568
31522
18915
10112
651
5816
23884
27211
14428
30615
4226
4855
21749
26317
19864
22086
12671
19228
15107
8017
14030
22523
29632
32655
21830
3247
27850
8069
4790
14394
3639
29977
31738
1360
30304
27672
15207
1419
4728
13728
22660
29581
23389
23943
3418
15253
4258
17175
16891
5890
8850
20856
18311
5412
3421
5174
8384
29026
12975
11975
21673
23115
9888
8449
29501
26137
13448
10655
12218
2287
20326
2021
32134
6829
2171
7118
6621
13151
24634
24140
9174
27051
12413
5155
20447
23742
6316
788
20337
9558
20766
15970
27903
1792
18159
5056
26683
9080
17906
20409
14651
2416
18846
22152
15262
9324
31600
10943
7416
5235
15193
1710
15188
18466
2544
6003
16668
28084
28397
19988
15202
30764
26768
31072
26178
19251
18324
28075
16113
25416
20397
8749
4187
2518
4611
9305
30937
4460
4306
4592
32105
21780
12929
27754
21689
1444
29355
23802
32001
10308
18687
8085
5891
26931
27517
8770
24620
12820
3090
6016
30197
28454
26961
28144
22156
11287
26184
8727
27508
15365
3063
15621
27807
29046
21579
12053
18478
29788
28102
9131
20044
6634
28861
11811
11814
29150
22621
26651
6780
250
16442
23020
28180
11711
5828
24436
5282
17131
30971
27909
14349
7712
8041
30406
968
3256
8445
26292
1351
11762
15994
27942
10100
30624
30913
4741
9834
8729
16494
9611
2311
30567
11871
10432
8688
24455
18377
5526
26373
9562
2561
26748
26785
23234
9115
29358
10037
25329
28580
6217
1130
29774
26629
20247
6281
2478
23679
23467
26867
2053
9029
15080
4173
23737
7494
12296
32603
670
11853
5555
28811
485
749
19244
32440
10210
6414
9839
6206
12059
17192
5913
12236
15013
19290
11091
1548
19605
29755
31159
1974
3426
23632
25406
8263
13254
11685
20055
27925
14141
25404
12680
5409
22919
24813
16372
30521
2852
8200
10027
8820
12110
1918
12267
6860
5682
296
1542
11485
7379
3233
31780
26988
26840
5028
9604
9918
18479
17577
30366
19702
205
27007
21271
14971
5119
9485
22048
11137
20424
6218
26285
6134
20562
22676
8666
11282
7699
6504
21161
7190
7449
31893
28056
27314
5687
19916
22799
3937
27397
19364
7979
5787
18475
7936
26475
22987
27785
29604
24061
24610
2434
21685
28268
5157
12733
5808
9801
12781
25661
9517
20004
16287
1134
30883
13307
569
4680
25063
14006
5031
23430
4598
32234
24955
11159
28112
14696
13005
21447
30794
28891
370
3430
22200
31485
11747
19380
28025
21307
4079
14948
23097
7315
11284
517
28022
4731
6610
31043
24585
17846
27696
8365
27942
2672
26575
2609
28999
5384
29314
26509
9762
18705
20264
27561
29614
17135
10831
32476
28601
9561
10032
1979
21759
30103
21321
32137
28587
7739
24707
562
25331
6459
7270
15056
25869
32056
7161
12280
2738
26581
28721
29053
1975
13074
5662
21219
21958
3537
19699
14106
24342
18427
30212
24088
19955
20177
11798
23801
8281
23818
28050
13198
28644
6290
14679
22140
7546
31845
2282
25108
25620
3964
29126
7848
23392
9854
25180
22727
15541
13987
22901
24679
21039
19960
11992
4372
23049
9339
23999
25263
722
31858
32337
11000
14949
22993
22523
26640
11311
619
917
1788
21280
9065
4083
24900
27945
21293
350
1708
16111
23828
1020
27670
19799
12489
1781
29652
5028
16836
2062
29519
27724
18386
29727
26397
27715
27711
19681
2141
12760
12731
12357
13166
10627
7479
9802
3247
27645
20362
12947
4692
9796
2969
6283
29921
14739
9374
16774
31193
28807
21546
24964
18136
25586
17991
7259
25925
29121
1496
18587
1285
26151
16799
23298
2235
1865
3337
8790
27551
21175
8239
19256
4369
9601
28187
3188
14113
1251
11052
2509
4098
14775
22771
25492
25840
2627
25522
23159
25648
26834
32326
25893
3941
23113
11119
17363
2995
24783
29234
1251
3546
11800
27004
4505
6428
16366
30599
24461
26573
1631
27113
1965
4054
31727
15027
31778
26552
7440
21809
15878
10818
8559
17328
9018
1891
16808
21617
8297
28856
45
14785
26206
20174
30017
7052
17601
840
3411
3904
28186
18956
6073
7478
26083
17521
32030
145
25868
8425
26234
28769
7399
16608
3317
246
24569
10190
27217
7606
18610
20876
32395
8572
1581
5685
19017
9286
16313
25825
12296
2050
3681
17200
17391
12776
5416
11377
30862
2394
8327
16488
16367
7768
31697
8939
6587
2970
31044
4904
21459
28626
8330
29468
4289
13228
6174
720
22066
7818
19256
26136
23478
21585
12536
10306
11337
8663
26765
11375
30466
19867
12250
28447
1322
14257
5163
15978
19327
19836
15031
7354
7088
271
19515
2304
3032
28647
28720
32237
12687
25934
4200
24579
13573
7510
15824
16853
10130
9722
4161
29381
16666
16232
8668
20251
7233
14125
6647
29187
17077
6630
514
8121
27336
8844
19458
24394
7853
4957
25290
23330
13022
27487
32147
1276
32317
10427
22649
10992
18719
12975
8200
18242
31152
14106
14971
1312
11401
6575
24948
20582
9920
10837
2711
3727
10046
13406
18659
29244
29700
29520
24925
22034
22228
9308
13987
24881
3058
5228
30458
26092
9154
27551
14476
7253
21805
8997
11378
6827
6482
4147
14991
9485
7710
30494
31920
19734
8295
31461
10353
22506
4034
23914
8202
3595
17771
8459
4386
29681
7307
13772
692
12827
20888
31819
18449
31329
6766
2022
23422
32082
28440
14228
29491
21262
23756
31543
1
24837
13359
16079
16296
23816
3538
688
3848
13511
18200
18240
23130
2693
30119
26845
21407
9966
7244
27432
27878
18227
10168
29522
19869
21161
12762
567
8341
16023
24070
9203
22909
23285
16838
31914
18254
2740
23911
22199
24565
2436
3049
3235
32502
31088
1681
29433
25176
17234
32087
14523
6765
11222
12847
27852
30172
4098
18048
8147
1884
20411
23687
30049
1412
25408
10497
19745
21633
12864
21435
16844
24701
19516
9621
4218
26388
2687
29446
23943
2242
16262
14259
2357
10173
15428
20236
23613
21760
17462
4289
5022
3628
13345
10742
7201
3691
13662
23738
27952
4738
20694
17743
6693
17820
20588
1745
16291
1297
31153
5098
9876
3851
27001
18102
3638
8676
14414
15186
14577
6479
23398
16957
21001
1949
3263
7215
32437
24544
17852
30870
7599
28059
3412
22144
11594
8239
7121
25074
1611
17563
18075
9240
29064
15036
25252
14982
4345
29890
16312
27404
9031
11983
30078
16533
19344
388
11596
1164
10833
2765
29905
26924
32037
14643
31084
25208
32061
20082
28240
5747
3430
29171
9485
15294
5265
50
5895
27662
22219
21642
3632
10300
8919
10624
27818
11221
23865
8575
25854
15271
3084
17662
8213
25727
8978
17931
20166
19408
32123
18889
20722
1602
4785
20924
21492
25305
23776
20374
9345
22719
10840
14024
20251
9274
30989
26175
29857
7120
7917
9918
9684
10369
22498
24129
7245
13105
6782
3688
219
2029
2805
14286
27387
16537
9238
19312
29105
22119
21014
30243
4455
21022
3370
31765
2872
13892
27142
945
1954
18847
10897
25434
24518
24509
18979
1821
19381
12719
6219
1523
13183
11758
12229
21604
19439
27090
10432
7920
17287
382
19471
3323
2331
2799
8478
31657
14235
30227
6719
29595
5255
21222
22224
19653
27432
23460
9558
32316
26798
18338
6487
28107
28085
21521
21793
12362
8394
32676
2219
13872
25209
10628
14797
28228
1722
28961
21866
20134
19935
12534
16149
19274
17315
16888
23370
2020
17471
13233
18886
14329
23019
6255
30435
31708
27154
27018
8652
224
11448
969
15411
29026
32225
4593
15089
23449
22068
4525
7393
16950
12326
19572
11857
4989
8778
26224
2337
7894
14856
14861
24462
7007
15845
20769
29822
14691
25172
8794
8079
10157
9262
31752
17038
19504
32731
22293
23313
5140
26473
16843
7364
21007
12250
12445
24250
14451
22367
15592
20689
8405
22764
17209
1739
12981
20022
32360
31644
4441
7631
20250
1928
18740
16606
23355
7564
1034
29419
30512
19270
4828
27962
20211
23641
890
30076
28294
22033
19722
928
13345
9466
13915
23243
8407
19959
28645
31342
7962
130
9930
15417
31902
16638
13015
29739
3380
5700
32107
15546
2731
10068
11680
11110
23822
8017
12891
12993
16563
22042
3739
15807
28762
23894
23316
17479
19491
21866
26886
15472
14688
30022
7160
27786
392
16572
7170
8465
15713
23979
14122
27783
20379
26742
21179
16093
20478
31220
24333
10741
14047
4636
2469
29833
6812
17402
10311
7112
8004
27893
28010
30374
22577
14945
32610
17378
27869
32020
25776
2366
6922
19406
3009
397
1619
23264
26572
24079
325
426
31448
15733
32075
32392
21359
22881
16148
4193
1775
28757
13639
2816
32156
26347
29494
12263
9262
6577
2975
18271
23330
27941
21465
1765
20789
3997
20054
12144
8316
19719
11505
10915
1504
28403
18327
13995
24893
14742
640
26758
31941
9726
8944
1049
15254
17267
29818
11503
21834
13794
18355
30933
8414
3076
12771
25633
26238
30936
2305
18229
9090
833
24774
1396
14319
26344
18277
26281
12826
9241
1666
32496
29546
1627
26585
4473
21597
30879
13816
25220
27358
19753
27382
32322
29294
15967
28504
9572
647
18512
18071
5054
23216
1308
18326
930
22892
29241
17931
17120
10419
21493
6187
31323
15422
13013
24979
21380
13917
28555
16826
29812
2634
12025
5859
12346
27907
3867
29935
14098
13690
31655
16660
12169
32222
13748
4615
13000
11772
10698
15939
27934
10679
21007
32705
32359
20228
23950
15138
26456
30319
19783
10344
1634
11512
5810
9923
3649
5429
5565
284
415
16601
11220
5576
12493
9314
29969
24021
875
5562
6230
29236
1768
13033
12284
810
32677
29785
13769
25736
20546
19723
25703
28782
1711
7797
24702
8083
14692
31388
24392
3918
32413
18366
17684
28884
9042
4711
20844
26274
26533
13365
17759
4416
18802
1143
32238
24098
22835
17780
27734
13933
1217
25564
9134
9241
12838
14268
27772
4674
26739
3062
5171
22405
31770
21812
3372
32016
27556
3945
31133
28711
16147
21745
17124
17925
10746
13351
15595
16575
26865
22302
4885
28572
18324
29186
14580
26657
31244
24492
28768
30185
21677
22128
31733
27873
24987
23363
25583
10287
19186
30712
594
12585
17146
22712
24994
11481
4968
22540
11867
10019
8868
25980
334
26588
22885
12858
19179
10196
2021
2680
6645
16694
26592
22473
7532
24786
12593
16604
26101
24893
3097
659
17515
4290
28487
18195
25658
29412
11680
14426
29662
16000
3787
22124
9982
3300
28557
26961
8551
18401
10600
13377
23460
2839
14192
14653
291
20671
22582
6359
1424
24270
18154
24076
8172
3726
18511
31705
3928
32617
5033
26073
15843
22931
26078
7942
2801
7470
12
28323
17391
22873
15260
10052
9529
25658
25300
28998
26139
17467
16387
21859
7231
11506
7348
6604
19660
12472
12134
29182
1442
29948
28310
32023
20001
1963
13377
29988
25416
20755
24977
6462
29288
11502
23987
18722
4994
24573
1204
31627
8208
19373
2460
7893
31976
4890
15249
27572
18334
31563
9655
26286
25585
7948
10921
1388
19929
13546
11287
26840
4411
30956
2355
16724
7576
10809
15039
11030
3812
23354
4403
31453
26798
17267
25056
22752
2474
9438
2377
28571
20914
18877
28032
17537
5476
12520
1437
18095
16215
16149
16776
2860
13381
17813
27631
14181
3119
2500
23976
30287
3724
25379
23044
890
42
30302
21939
11587
26028
9608
24164
14538
10804
4854
11723
10921
7082
24481
27903
12366
8250
936
10983
28462
29182
13549
2490
16464
25143
20224
18383
15685
15604
23513
11613
21702
28933
14081
18661
24993
25457
14979
6444
28064
23622
19606
16532
27536
284
6785
16734
10217
21741
23630
18795
11852
22808
23315
4495
7577
20862
24257
2138
6603
6174
10960
3566
10313
31000
23795
31974
6464
4246
9807
18612
29027
20708
20460
14047
12545
27272
17504
14307
19839
7699
3934
3637
1038
23540
16860
306
8465
7656
11162
10950
29338
6762
32581
22698
9082
27822
20996
21015
11240
26914
788
17191
27825
12414
22441
30428
9873
16544
6543
18500
10945
16711
15126
27072
400
26697
12237
4830
28135
32374
14650
11251
6739
2495
10425
12466
8361
1189
6986
28199
1744
28551
16018
7062
24220
1196
27107
27991
14958
16208
20075
10248
26667
15401
19803
19692
16771
16687
15280
28956
3729
10042
9251
14371
21540
21310
15390
1300
12846
17998
27668
16442
27419
24021
32397
905
23064
10198
11074
15567
25726
13797
9699
7739
32231
30843
31667
20186
469
2134
30716
27278
24156
15081
28967
30451
29716
4215
15213
6998
22357
16031
30640
1922
12688
9226
18043
25487
30149
8017
19103
20852
17471
18180
10974
10838
14401
28482
10105
19642
5428
16059
9636
29898
14727
27656
15402
10522
16032
20488
32165
31253
8544
22773
4311
21091
9419
22778
13067
14119
10696
22148
4635
1989
17700
31429
15708
14472
3489
4250
11062
17453
8099
12767
19308
19565
25453
23490
27810
23718
21414
2415
13000
4607
22506
29365
79
30813
26124
24893
7300
25983
4920
31062
12832
2535
26124
26589
11313
4002
3957
6659
26431
9093
15969
11704
11100
32387
1968
1277
16421
30350
14881
339
8594
9270
7257
23222
16470
220
9553
13249
29364
20665
29341
17840
28783
25526
7588
17396
28635
26618
5401
14699
17490
16099
31027
22712
14550
6910
20108
7993
11498
24739
9324
21939
10010
18803
26519
3992
28168
9595
23910
32179
9890
32290
14494
13173
9128
18486
4344
20303
31378
17411
20985
28264
4218
24300
7631
16898
28179
26553
31115
14579
14230
5191
4455
17273
4978
25401
2666
29482
28311
9293
24128
30835
1871
11774
13116
28363
5555
16382
29634
28027
21299
29264
7722
4305
14513
13427
17764
23362
4803
26442
29040
16943
29127
3972
16318
9343
12288
6062
32056
12427
7870
30397
8989
6101
25415
897
17308
5436
22832
3876
9316
26628
9818
15421
29374
20720
26279
9258
2864
19646
7551
23269
12432
6579
27242
6201
3604
5334
7279
27784
6035
555
11636
24615
24719
28068
20185
22430
26203
7140
13062
28189
2694
10806
6959
32694
9851
30137
31746
4609
18067
31288
14192
26538
28331
21242
29892
7410
8815
30451
5950
12061
23667
24592
28765
12930
9672
18611
1627
28560
7882
10856
15259
26047
6334
5654
7171
25446
32476
20545
1054
31620
18563
25601
10349
24380
14604
25422
28143
1187
18082
32660
3744
23744
30405
20695
4579
7073
17232
24958
27735
5743
7345
23836
30521
3138
25668
1649
6731
28583
32082
25626
15226
29806
8418
8794
32124
30165
20054
17240
29806
15713
23895
13701
25065
21080
19701
1530
3523
20846
26963
3212
30232
18990
13625
25240
14041
32635
2137
26128
27529
12676
10922
9179
10865
14295
24888
22593
15002
623
30978
16295
13019
31866
25235
18709
10267
23488
27432
15227
21811
17831
7579
21816
5576
20693
30866
28952
5037
6343
31189
11391
7662
6486
10935
2844
10630
14819
9275
24545
29153
9380
24118
24019
826
10856
13824
3409
3038
30879
14801
4516
28526
24137
23834
7458
20951
22463
23811
12525
14246
5330
3943
32122
3542
4852
3775
19819
25609
22946
17312
3382
5447
12875
5309
13640
26206
24699
1043
20537
28749
7743
28112
8796
3505
14512
25433
16576
13674
24549
1211
12728
28804
11768
21063
20661
23722
15216
29246
2928
7608
25294
518
1461
20380
11853
6483
25656
26045
13731
4560
6040
17007
10757
32593
29762
28787
25332
20089
14920
28913
1441
18250
29468
26087
24355
13603
26343
722
1325
6787
22298
4373
7713
22862
24896
31861
13362
30864
29218
27646
10115
12648
20466
21637
1493
3037
4460
31291
22936
18630
6124
14019
28816
23322
9403
13215
17439
7791
14305
20965
18890
16809
758
2584
21566
31509
31624
31149
2797
10495
21775
2197
18386
22411
5375
5949
526
9309
12409
8309
1868
23919
17962
12896
26167
22570
25931
20862
26365
5713
17093
27324
4863
24064
31930
17536
28289
7100
6582
6971
114
23468
9405
7793
26253
22940
22154
6836
27899
706
13254
16138
25091
30757
29200
9121
20094
3107
6070
24226
14476
14582
24652
31571
21322
20659
20101
18599
1748
7279
29126
21396
28023
30471
8353
25780
2886
26016
3994
32187
15327
783
4355
1070
4849
21732
26005
19429
23502
26905
8593
3923
21581
11067
21213
26536
32522
17173
18572
9850
17974
17240
1542
4966
13208
28042
20475
11392
21549
7610
28610
29778
24112
17370
27627
20683
4871
25427
4604
5518
15094
15736
15609
14055
5707
26690
5768
25515
18712
27936
32457
7362
8809
30562
26523
13168
20707
1170
26672
17319
15159
14628
13809
4740
13935
27554
6057
30242
26738
14943
21890
4635
27315
27515
10325
9409
21872
25780
2724
13074
2232
6491
22719
6677
10047
20723
15534
2225
21407
9271
29006
29568
12045
9496
4911
14977
18411
14150
10040
3610
5098
13234
2579
14853
24291
18577
21610
9861
15776
3739
8599
4579
6462
26485
21069
31649
17217
213
17236
27495
31910
17720
13037
13021
653
17190
9046
4250
7154
29384
26937
18402
7095
21597
26766
26823
12173
134
2682
5512
15887
8574
30524
8690
22472
20316
17784
2751
24135
12347
4788
3138
26483
22374
8268
2833
16877
32030
27240
9997
753
30091
19642
2214
30375
9587
21309
9097
20595
28176
3592
28423
3905
18024
3551
25299
13197
3175
29856
25304
7004
1652
22843
31939
11583
16292
29495
17384
31482
28947
28681
12666
3538
9392
29642
30271
16936
9010
27444
30068
20455
5805
30614
16881
25263
9631
10877
6702
30277
23740
29684
30252
7062
24371
12475
4036
17711
23711
7950
9007
15899
7868
2275
3393
582
3914
27448
29549
11383
24564
27296
23944
24308
4558
15489
25819
4468
30742
12563
30137
201
14561
1086
8432
6556
859
7221
5050
15623
25446
6240
851
1813
7945
22309
29187
19309
3514
26359
11095
1319
2970
2299
19102
27380
23535
25358
23333
3925
24723
10195
18004
21970
10591
30835
4270
12097
2151
23034
2489
32351
26822
30123
24598
6761
11914
6353
26210
22727
15134
30784
2112
25975
6750
18312
26222
4353
609
26109
28888
16253
30866
5749
8197
24933
22427
16386
31901
28444
20641
15864
16385
10247
15561
3098
11805
9776
16182
8609
4986
31727
16504
16250
11185
19437
28576
15418
8523
27627
19556
5623
21174
27258
6198
11599
25106
17851
19677
4377
23147
28196
16939
21666
30871
15987
6366
14517
6694
3428
31736
31215
2371
15597
15441
4507
11557
3326
7978
12904
29201
2839
23084
8418
3677
13331
10734
5437
7256
556
26158
11191
13662
27446
20525
22490
26055
9509
30021
23426
21442
10508
9406
23351
22041
8276
4751
2158
7517
990
13480
22552
27687
15586
26369
20383
31618
13054
32020
22540
15071
24212
26330
5492
13240
15974
15526
4200
23415
11934
17584
21953
9300
14857
24943
24905
18686
30721
25541
20763
28387
9763
25188
29284
17814
18975
28793
20276
9142
18772
29652
11225
32536
16709
23679
20762
16085
22718
29249
11932
25061
17853
7948
27395
25854
7342
2532
32048
8100
5077
9008
31940
26123
13982
6903
2481
26135
14135
6912
21570
28036
16530
23114
25993
19335
14565
174
28153
14812
21264
27355
11021
12804
30578
4248
3044
29306
17443
4302
26888
17926
27789
24614
7459
3288
28397
20097
16353
27090
6614
29724
2474
20595
24758
7768
21984
4834
29289
8462
28033
27902
25985
6344
7325
15440
19864
32413
17857
18635
24920
10292
4376
7245
15247
30871
22407
3645
8738
1694
13096
12870
21874
25286
32185
18782
23874
13833
15990
23648
24653
13297
20982
13790
22423
14444
24600
32626
19897
25187
31422
30583
19353
20455
31637
7592
21562
21655
17644
4680
25847
21954
26037
8754
11224
18380
20448
10120
4795
24228
4791
976
1041
19766
16284
30404
1714
16446
27641
32604
17281
26254
7047
23953
9281
18725
18776
22937
32152
12623
31550
24542
10864
22646
25678
32622
15121
6056
13216
9348
10810
26315
25890
18715
21028
27665
5156
9028
27879
2261
8899
29322
32344
31355
30752
7845
14228
31182
296
6110
9882
2201
18836
20312
30298
25487
3007
30168
1722
16480
12479
2669
13097
8681
27657
5307
18906
18213
28948
30574
4437
15573
4083
23816
27610
23138
9718
1475
31168
28494
15400
15024
21540
10415
15773
13578
562
17415
662
31208
10022
28284
11962
3027
28100
7910
21154
10416
2014
21395
8574
31867
12834
9898
15992
23275
6919
6661
31098
32112
31190
31968
29661
22274
6873
19679
2516
32209
20837
24169
3434
26491
2287
18862
27832
23549
28098
14175
24291
17375
13269
9503
23120
3264
14373
24108
23462
9981
19882
8474
1956
30600
18208
12168
10762
6747
10874
3114
28313
19753
24442
25366
4042
19820
5266
23137
19864
23007
24212
31637
15521
13494
23285
20466
23183
11467
4862
8357
2429
7956
9655
13762
8665
402
20078
29068
31303
1199
21787
1914
11198
139
29254
4871
30696
19149
2612
14012
6000
32533
31475
14738
31430
14469
27160
32126
1165
8996
19462
31435
22832
31741
22165
29677
9341
18328
1758
9188
30972
5674
18459
6237
17946
4771
15217
5724
18113
27082
30925
13297
13077
25183
4923
18038
6574
18964
14972
25026
21208
812
4557
20138
15030
17904
23040
21378
11753
27729
44
8454
25868
16328
4506
28048
17354
23897
10766
22523
31655
27188
12851
27808
12564
27336
10755
22344
24894
21030
26213
7755
7910
20264
9056
12380
16807
5165
27558
9437
22220
12038
4260
19970
12672
32512
3882
19672
16548
991
32445
29743
28132
21395
30865
21426
29958
14555
31011
7455
14371
18992
22638
25401
29228
26764
31811
13404
9894
11392
20462
16778
3491
7608
26304
4691
12253
8022
30536
22220
3005
27622
5491
29310
26182
16387
16410
5709
16176
12045
14107
30678
23906
5699
17080
24728
28780
25738
26039
32362
1757
26504
21689
6451
14229
14140
1236
21641
6105
29063
12160
14510
19265
29908
12938
21350
6026
4225
12361
13185
4760
26748
29639
19434
13429
6988
15496
18670
14146
9016
30283
3469
26452
6642
164
27153
22845
24563
1357
24109
10103
11386
10773
26801
31122
6651
32319
6908
27493
20764
17567
18511
32223
2925
27176
17831
1672
7175
27001
15083
25549
1131
21927
8529
2499
14272
26131
17022
12151
28067
1621
30379
1363
14815
14543
27613
20203
21976
9967
14692
11542
13349
1616
17522
18694
565
8896
18139
5651
2372
30720
4032
14018
16132
27942
1564
18604
28333
16921
19983
32470
18883
19737
340
24415
3674
819
24662
32081
1207
18612
30357
1638
23095
29674
12428
25970
19715
12673
26057
13818
23882
27628
2618
2572
28622
3078
5942
5631
16417
3660
26626
6003
19829
26123
6259
18205
24727
5666
17947
19601
25182
26478
14919
20471
15653
26469
14097
24985
22991
30854
31843
32140
20440
7741
2968
29789
9646
262
22214
2961
720
26730
25540
9596
6057
7202
10071
2526
6057
2238
12893
11013
378
11745
14366
25806
19167
18890
14988
3435
9210
7937
10296
11629
30599
4780
10349
11304
6629
23096
27196
23004
19790
4741
4046
23645
80
15635
18990
15136
21607
22919
29618
19563
22477
32111
18969
2242
18218
17771
10424
31994
11593
13117
15822
22492
27764
3241
24251
5897
11436
31940
30087
19867
19731
14116
25584
28950
12438
28514
24253
1722
16285
13504
26916
27053
11856
14256
13371
20964
9520
16935
15449
12418
30854
27846
3144
8862
20729
14613
21270
4950
19013
17128
27403
17223
7570
507
17074
1269
12189
3780
3557
1158
13070
9569
21959
13092
14290
25349
4242
13241
29602
17152
24596
27566
4848
8086
21886
27320
30923
9056
14547
28695
8749
31981
20918
21767
27766
28115
32269
19890
6594
21869
13977
19817
23842
13995
14707
29507
4317
22676
32534
14972
23195
6695
16108
15067
19364
21370
18145
8235
3849
25625
28652
10801
16499
28686
22128
614
16615
17995
12278
30845
83
1158
11748
7036
17193
1904
687
1277
20135
28065
4273
5949
26129
8187
17092
902
2398
7511
5526
19406
30680
9960
4155
21713
15197
8655
28083
17700
29680
21455
23742
979
23681
15528
25639
24495
31022
27953
28833
12974
6394
4458
7287
5164
5807
29835
416
31341
15623
19204
9751
2662
19458
20394
25438
23942
21768
22090
16710
4293
13334
23993
16903
7203
28621
19658
12603
19933
1509
10188
29156
22282
32287
30434
14441
17070
22079
26519
10535
1517
18435
6153
17632
1489
10774
22137
21293
31714
20305
1353
22951
2129
19823
30830
7834
17955
19396
23350
21966
28368
18002
1203
12882
722
21057
28780
24600
981
20027
18492
12709
30181
13529
20729
23399
28530
22223
539
2056
30804
5900
25509
11526
7546
1733
17631
10688
15726
17171
28446
17289
12930
14841
10402
265
19302
18544
26110
16671
9066
12270
3400
18112
1811
19816
10622
12813
15835
18642
29987
29754
24537
20415
20301
30020
6307
16613
21805
12803
16369
4815
800
30314
1008
15683
8734
12077
24622
5130
29869
10382
13128
3636
13228
8448
16354
12497
17956
5488
17290
29758
27231
12553
5607
7943
14705
26787
30560
902
32362
4148
4445
5581
6293
13867
25822
20798
23468
8739
944
24935
31511
22212
7487
26793
1522
10145
29462
31501
18761
12026
19605
30597
1721
7331
25239
28232
1843
26009
15567
27698
2562
21513
23408
16267
31338
25773
25053
15826
25827
14806
21751
22665
11611
1882
27966
23487
10990
10290
9739
18576
15013
24721
1499
8414
29189
27938
2246
12161
3327
28196
22986
1938
19805
17717
25565
2055
13837
12351
13735
4644
9317
9018
31855
9135
28545
12211
19780
29544
2142
3045
6185
32241
115
7816
8209
3036
18665
3875
7574
438
31506
30899
24348
26367
4385
13002
8793
11840
10939
9040
31781
9283
18335
28719
21297
27971
29910
21460
12025
12988
8481
14261
1649
12305
23415
9999
2753
20571
25184
23743
23401
26490
17563
21173
17090
3619
28501
21771
30216
17224
31316
24804
26079
24500
31271
21011
6711
16836
27839
5922
1474
24855
22030
32052
13421
32554
32132
11042
4023
3218
8578
31656
31462
19692
25131
8078
30573
16450
23837
23562
26073
12837
22357
27350
15954
14915
12105
16264
17474
4554
9608
21982
6181
28968
16193
1354
6868
29933
9411
23541
2475
1068
10310
21334
22757
32294
6375
8712
32721
9291
28069
5664
23909
28637
20756
10496
830
11590
7643
27229
10878
28080
29950
32248
32142
13112
21407
12548
17810
8898
17705
14968
25933
17896
13642
26280
28755
3808
24202
21236
26430
17452
23615
27610
629
6643
17194
10892
5157
16198
12592
9260
6946
41
21233
7546
20913
273
18946
29579
27917
10342
28464
24496
30567
20132
4932
10242
28412
32556
27657
3667
17182
7057
8994
13740
3617
22019
15191
10013
13638
19459
4859
27938
29396
1176
18578
4238
14258
24844
3017
297
25966
20147
26518
18392
4038
27513
6790
6307
14578
21299
4957
6339
18788
4763
17433
28885
29590
19957
16796
4707
25710
16799
32500
5577
6498
9935
2877
31858
26058
20740
15069
21404
28886
19573
15000
534
14926
3244
19695
12019
30740
8577
27678
30821
30082
18417
18332
3112
29067
7031
16748
21088
21562
1762
12881
10093
10442
8164
20989
4656
24433
20872
28864
1004
14591
11619
27493
2332
20643
21562
32257
10178
28404
12624
8768
18591
3001
19986
22096
27143
9330
26842
27747
11707
4384
27452
30105
24248
10842
10171
12192
900
9484
25299
11156
14769
18336
9605
32271
25958
11898
8131
6291
4778
12258
17513
31768
25989
15763
18419
25308
1054
2171
1969
19037
20463
11481
14235
22095
13267
5558
9240
21761
30158
29789
12934
19186
1617
29568
5357
10172
32293
22814
4042
27921
18710
1108
26952
11531
28788
4979
16022
2116
19460
27483
19337
12327
10352
5294
27293
17138
15992
29616
28756
26597
14729
8134
12275
9661
28570
10528
9689
27523
6712
3081
17532
24147
17406
32454
14108
22211
23731
10218
12227
21201
18840
17862
9822
13036
26663
30530
15718
4889
11440
7937
10134
2997
20829
26881
2430
24373
13863
32227
27372
1358
27759
11604
4011
27441
5283
5797
24313
19299
31368
12724
20815
28505
28302
447
31302
17122
11213
20042
32457
4021
3955
30440
11472
21016
29736
10703
9171
12194
732
23441
17779
21364
5180
18237
12108
28617
18179
27872
3760
26349
10020
259
10164
26528
31034
1179
14501
13872
24963
5885
27068
524
4220
29555
18072
19110
5345
394
23408
15332
20731
11821
14532
2594
29521
697
28861
10996
10926
18870
3284
22251
11620
16378
2284
29444
13303
19261
15487
30732
9536
20372
18283
30769
31885
24262
26895
5161
15266
10865
10831
22413
15125
3098
10932
26436
30295
30637
22218
2264
15004
32707
12287
25164
6488
13632
10354
7497
23604
4311
12975
21057
26512
31349
15692
4719
29556
25842
1528
8152
21377
946
23341
1228
9267
14591
11115
20655
26802
9823
27392
5489
31524
8369
30356
15251
24667
15638
13925
26518
28939
15835
11564
24092
23342
30227
10250
25687
18967
28968
9332
357
16397
21184
5417
29600
16086
11955
3208
26608
28293
1289
12407
11737
24230
7021
19566
7317
6906
21088
20681
2947
4365
12654
23935
29667
32612
18446
22387
1054
5496
10354
8138
18508
4747
698
18373
6785
18620
20994
12617
20782
17820
19253
21697
2708
22379
31548
29849
17310
32257
14575
11314
24566
24294
30382
19161
9305
5493
23718
15198
23897
9153
30149
30859
17840
22543
30752
10868
24201
16906
21610
12489
31279
17532
22098
26454
7049
24029
30577
22224
17021
19719
14002
8129
4277
6612
21189
21354
28841
7685
260
28050
16974
12238
6996
22781
2455
24492
18438
10354
12056
10835
1264
24139
23309
22429
11892
481
11626
26443
2362
24586
32167
10156
17147
8259
13185
4877
6296
23834
3719
31129
23446
2175
5527
7496
9804
31183
16973
7221
2336
17823
31491
24731
9276
957
13643
30618
18879
21923
29106
11153
2074
6494
11784
25648
15734
12234
13560
14723
28688
22641
6674
14160
13480
23271
4940
5589
823
12134
1658
4040
26161
23521
19662
17849
5549
28527
6749
5900
20787
11352
8831
30409
22770
20666
8107
19268
32223
896
31813
14393
24659
14150
6552
6431
30252
24971
14558
19934
30622
222
7483
15649
27957
1686
4382
31426
3898
29020
372
8864
2378
31197
23486
23927
29212
19807
17307
5439
9746
7429
22440
30724
28018
111
15117
1449
16479
22073
30550
20840
8619
13047
11567
15870
9942
20391
9139
24156
14864
19760
22517
29126
13355
7366
13560
11886
26361
6058
20182
31489
9335
9916
17998
26008
14821
2304
8739
32265
11852
10656
1852
9510
394
17257
26121
31136
18174
2845
25592
20640
26501
10324
19525
26316
13534
1911
17568
6037
22941
29295
8944
31078
16725
29704
2225
28318
31564
30717
19861
12422
26278
29760
16498
7910
17563
30159
11225
319
1740
24997
26676
28669
578
30947
18532
29278
8689
164
17774
23022
15891
29912
25364
28707
22630
27910
18083
18255
20136
10895
21407
11930
8990
24626
9050
13835
21687
2442
32592
11111
13050
3578
29697
11786
13718
19108
2746
992
14784
13244
9871
11673
21679
28923
5619
10750
8512
5962
12958
27519
12010
10305
5128
28379
12044
29036
5495
26979
15425
7609
31249
14902
31318
30692
24568
21270
6750
23345
11825
21066
15928
29051
5721
26006
11171
1531
17463
12211
24580
850
15918
3476
17233
15137
19157
7481
10507
22095
31507
18151
7880
4395
21507
28547
10394
29468
29752
18015
25258
12221
26170
6101
17096
11015
31404
30526
10679
24220
9768
15657
31527
27431
7849
10599
25528
28409
31207
23409
5173
133
17234
1282
27486
11232
15553
19471
3496
28152
3900
27773
19135
7598
22203
14377
14033
2558
16763
9316
16429
5680
26298
27503
395
462
11967
10371
21653
14047
7078
23256
17692
30576
2408
15172
7305
2391
25916
30646
565
2985
24218
7386
21151
6077
10904
3160
11123
24571
10196
7484
27416
19534
24814
24696
16925
9181
18837
13033
15250
12805
10761
21509
13306
8760
24413
11509
17257
17577
20882
26467
22906
3529
25743
15412
8459
5138
18828
21555
5979
3102
12445
18752
13185
8522
15586
20794
32457
3447
11289
20232
16881
23265
7207
29480
30935
2257
12306
9411
17383
15028
22348
24544
10203
27118
9934
20188
10528
7145
8131
3645
6619
18008
3267
30890
333
5531
12900
4935
24257
28142
24930
11221
32067
27530
1547
3187
32453
27976
24165
28796
5671
853
388
17297
8260
6309
10993
28216
16493
27084
9450
12681
30378
20090
24846
1718
24509
19998
21470
20035
19829
28640
31828
10177
16002
7137
6363
8093
15335
24369
19552
30495
16729
2317
22489
12502
21287
30491
16845
14373
17913
856
12819
17592
21879
14539
14090
17755
30433
571
18440
8885
20782
21988
2511
8147
4827
4934
1624
12647
2619
18055
6697
8325
8708
30417
23723
11020
29888
11309
26848
31724
30003
13972
32002
26614
4505
29489
17403
24941
30202
16563
218
3100
22043
12982
31874
4520
697
3605
19777
1171
8940
32233
28490
15716
5336
12406
25960
23456
12157
25280
22717
12981
21600
6816
14734
24613
26769
21460
15641
31052
17638
30914
17551
15764
32657
20277
15861
28277
25046
31982
16205
7884
9554
29137
1858
21207
21202
2395
1864
10948
30716
32149
29585
30033
18590
8017
12443
19660
15170
13464
12116
31480
22636
24658
32137
20478
20208
8090
4064
2448
1663
17366
23610
13082
6056
23997
28535
15284
17607
8494
5814
9938
31432
13752
29342
16749
9649
12871
7773
13345
16175
23471
28042
15116
28363
9320
24174
22993
24790
24202
21359
30956
7312
28598
18706
3919
25694
12445
12933
26541
18852
23074
4783
26430
21720
29625
12517
10923
1568
21707
9698
16478
799
15668
29743
28136
24822
1036
32514
14370
31049
22908
2928
10070
17520
27096
2813
6141
12122
27072
28975
1322
15428
24874
19055
25766
7227
7418
987
29904
22140
13216
4613
24501
2032
24009
2937
32711
8504
9113
13958
20181
15406
9408
25613
22354
29318
2746
26488
9915
31078
29517
4683
13664
25933
30337
27544
7819
27198
25755
10634
31804
8174
30095
13495
2044
32279
21480
24775
31790
1067
20825
27987
10141
32646
30010
24227
27627
27339
31092
29
15971
2507
3552
14062
1715
6833
8484
27654
19304
26945
26903
11218
9819
18501
1962
23562
18547
13611
14553
24462
14166
3206
27694
6922
19013
18873
13918
13022
16730
11975
21709
32413
10843
334
31292
7634
31117
22523
26052
32510
30379
8538
15887
456
16300
27707
16116
15446
1526
910
10175
9403
8079
15991
7903
31708
31977
30107
14566
24811
5515
14185
10895
21373
28493
25522
24610
13702
9851
13268
25740
21241
817
12861
879
12710
24955
10101
4358
26901
211
14972
16848
25415
507
10738
4410
20685
8079
931
6905
2213
19054
9628
30872
8200
18130
15357
7568
877
7234
21718
21042
3194
25415
27588
24259
3204
32175
6507
1520
2964
19666
17769
11412
18042
7571
18306
29532
27070
32256
27049
31814
5470
149
28150
1002
11836
17347
30259
19884
29782
24422
21182
1416
26361
10927
28207
4194
24826
29118
16037
30663
22903
16796
13479
25283
15778
6629
13370
8498
12130
9755
31038
3157
18170
1902
5274
11516
4771
26000
11098
24791
2114
26414
20957
20486
979
18485
12673
15171
1219
18013
17072
23231
30078
31807
10594
2844
8601
32386
14580
27083
22965
10456
20090
29920
25908
29835
30161
17057
5139
15629
18683
6858
2586
27655
29805
16564
10660
10268
30193
20629
8344
5112
22218
15771
18127
23936
15644
20261
25505
8387
3953
25247
32610
6094
1845
19248
23664
25592
25823
19073
11974
9534
20555
7702
31822
14046
26295
21220
20366
7736
8223
10370
17253
29423
26434
18569
30080
22553
757
17655
29264
13642
26632
11383
26435
215
19816
7162
2549
4033
27436
13692
12044
5373
13660
19343
27646
4357
3262
25358
1558
11650
689
29176
2762
4491
27645
26157
16103
1490
16341
31665
18827
29040
13044
32387
29422
5944
3016
10471
30103
17011
11688
5550
5310
2222
6195
4628
6445
31669
349
21415
21847
489
11661
19901
21946
17693
16742
12348
1584
29606
24423
10769
6298
30160
28359
5928
26223
20867
17236
24809
3784
18843
1236
21645
13843
23994
5510
16379
10166
23346
30656
6540
2414
21249
6793
17327
24018
23761
29800
86
17717
23964
19963
21857
3501
9429
24301
16079
25069
25103
3986
29512
20231
7375
32728
6470
3775
28209
29777
18768
26501
1659
6457
13451
17772
30110
11244
20995
7177
27101
28488
5906
15402
8172
30980
16465
14848
4654
16377
17402
11024
29232
27101
29445
31055
20758
15500
22938
14391
32001
32319
31283
28517
5986
27347
5203
29069
13535
30963
17412
13826
31555
11960
20528
9951
11211
21012
28942
4261
267
6053
1262
22069
27163
23720
18910
23480
20486
32245
516
1663
22627
2841
29059
30593
30128
19647
17684
25170
11328
15318
15234
8739
27616
3530
7311
18488
11510
5171
26081
22783
772
10197
23861
27520
18088
5069
8830
8197
18002
28695
8724
31252
27310
8451
3388
5933
10727
13087
31159
4352
15068
5982
15140
146
5116
15079
22543
30470
1137
27510
12345
7007
5993
11357
26884
15933
14720
16821
30590
11932
24662
28574
17061
5781
26319
17156
28699
21775
8585
25322
17881
24997
26711
20726
798
28253
16028
14843
20191
21356
8107
29036
8445
1116
31273
17803
29752
11838
5145
19541
12308
11672
455
2568
25763
11811
16670
18271
2527
11586
5064
32762
9554
195
11057
25145
25877
29319
16057
4774
7904
23753
21348
17
7233
19192
4144
4609
17382
20231
6924
24752
27633
26486
8390
32063
28453
11946
27772
228
7007
13382
2681
18526
21469
200
31013
11009
4440
31502
10127
19628
2672
24437
19026
5210
28076
24474
18521
4391
18172
117
7901
997
21891
13219
26148
7099
23297
19821
29109
16750
23651
15977
1423
5345
3852
3500
17657
5037
4215
14786
10967
11633
9680
13447
23284
3440
21321
6600
14707
25317
30665
28071
3551
18777
4381
17771
17071
14282
21094
20045
26530
3556
7987
8925
3373
13757
23686
8097
17694
23442
10738
8513
31877
13778
16818
13795
32001
6594
25283
10684
15309
26854
3007
477
3650
16384
26426
22610
8292
21600
6031
22313
2872
14098
10539
796
29394
28000
30731
16579
6479
17815
6649
20455
5354
26947
30035
30235
7271
20337
17928
5199
6577
21315
3607
19692
24170
20890
6261
28091
16847
23492
20106
1422
23503
13427
8900
7892
13245
780
10468
13492
27485
27562
9733
18345
301
2540
16124
14051
12852
12129
21857
3476
13011
22684
17793
18149
10095
16753
12187
1519
20485
13618
9655
22302
15492
21938
21697
1183
9706
20392
28179
20602
20158
20429
15006
9656
6162
28076
3151
23006
17456
24052
26446
24010
16073
11920
11932
11071
25030
23114
3126
24179
11258
21375
28545
19345
27963
2821
8303
4741
13578
23530
11176
19177
15473
24148
7002
24354
32528
8604
22648
21223
29455
1463
20251
14389
19609
3361
4807
25972
19711
21449
30512
18433
2329
2254
16386
27352
25634
15018
13329
26461
20763
1459
2328
22279
21313
10403
12273
10480
24992
8344
6671
5398
1653
7493
29155
10203
18203
30084
639
6031
22810
258
25996
6081
17276
7862
883
18928
32191
20727
25255
27257
1150
5379
14123
15584
19995
4619
22288
2864
8077
5447
2858
9700
15479
30330
28360
15926
2098
13812
30103
24687
22193
23052
30686
12764
9647
10739
21438
11331
5673
696
11698
9851
6647
28654
6082
1785
30825
5161
27428
16750
29915
5456
31058
7666
13912
31653
18238
24431
8652
12797
32421
19022
25986
26201
14993
16466
26320
7271
32528
10729
20095
19444
8974
18152
29944
8218
22002
24660
394
16083
15912
1096
12965
17880
5468
6966
9412
26765
20876
24481
179
2228
7551
12563
6649
22970
752
9442
14411
7806
10999
30807
16205
11116
26189
8908
16614
1545
24633
28911
14129
4854
84
16082
2247
29847
6897
29973
4321
24687
15329
27247
21260
22985
23388
14654
13468
5699
14622
3162
5140
2707
24689
15819
5834
18658
9344
3282
31140
11305
2158
10529
26542
7874
2471
21738
30551
9722
6857
20378
14147
27052
23388
10386
24699
21527
31676
12531
29327
10067
4044
21950
26966
15674
23467
21882
23100
26112
12594
2186
23589
19244
29079
3744
23632
10300
22165
8224
28306
20373
5116
16504
21084
27154
24690
13994
4356
20996
20779
6446
29781
19899
27722
6152
1663
14761
9719
14718
9813
26778
8044
16158
8906
19914
22859
30218
22574
26600
21064
11172
17711
16877
775
29631
12337
1926
8029
15028
20670
7498
4632
11089
30798
6066
18199
2788
9537
11479
10860
17290
30291
25295
8655
28512
24065
25856
14256
18904
18598
15577
29275
30298
13875
30448
11668
30013
8836
22607
27990
23805
1454
492
26358
28974
20118
13883
4481
25591
5243
17794
9264
5217
17161
17740
19453
28058
19222
19923
6432
18114
14777
28509
5795
30399
13024
25544
14044
17428
11670
11202
30425
31365
2412
25757
17441
11662
7876
31856
30174
31725
23661
11245
1974
1281
17667
29242
3357
11118
32177
4288
27122
26097
127
25414
25118
16557
19533
11355
17007
19451
28266
13680
6576
16938
29215
5692
1262
27313
25452
27942
31860
26429
11159
1521
26188
21701
5251
23075
31182
5733
30117
29164
29774
25331
25349
10405
12736
28013
11297
22285
21281
22188
1467
27519
14376
28905
12164
12196
22219
116
6597
958
21607
23228
4713
19341
14485
29457
32336
21729
7544
24114
24696
10793
6936
1692
2395
25
2511
16109
33
14058
24910
6893
3466
4758
30056
12110
22154
16950
1444
10401
8927
5521
13803
4688
30186
10883
7457
16359
12120
28107
25984
23088
15711
24230
7493
20534
17599
4161
30647
16910
21366
8005
9554
18526
17996
23638
17667
9696
13159
26741
7565
13534
1625
4410
6406
7291
30280
18723
19260
30605
27840
24731
864
27946
2392
4173
28714
8049
30111
30651
16377
4607
8470
31606
15687
15639
32083
11218
16973
6745
30708
4602
23147
30761
29321
23410
14530
5251
25760
29136
27901
2251
29408
31896
7736
4242
6302
24704
11620
19508
7384
18032
10274
31011
14142
764
15636
2482
20164
26701
13469
346
23076
18017
13020
12043
8896
16554
4502
22147
689
2908
1346
23250
25883
10376
7569
14362
125
13534
9853
4256
17218
20841
5328
7209
28611
8907
1209
18750
17696
25195
3382
8841
1064
2859
24034
29773
7887
18784
1426
219
897
24278
23111
8893
30658
7667
934
24153
20293
25436
29877
15431
13843
18700
3167
1651
10252
28309
13074
4970
20547
9547
6922
21706
15062
25213
10043
16417
32735
17592
23297
19155
13639
31449
2164
13888
20492
1157
25714
21408
2494
19082
23715
8690
19185
18632
6347
3492
23792
24836
4201
13363
19230
25862
17127
6796
6594
27268
18352
19923
7543
7961
32035
9298
19391
7862
4840
30888
15116
22505
9950
30610
27506
22577
20184
30067
9183
22831
26658
15267
1723
12478
19003
2085
26511
5493
27495
506
26072
6415
19054
6900
16765
11968
31933
11732
23729
17009
25527
20588
14563
618
23095
6606
30397
10468
16434
27534
4764
30518
15257
29786
25342
14028
10393
6197
29687
13489
30819
272
136
8638
32100
20371
1822
6097
14597
9231
5100
8589
29726
13098
22634
13778
12476
11623
26964
26079
16039
4197
31287
31490
30289
23892
1236
8565
23992
11455
3084
10001
31255
11238
15639
23734
28396
9028
30589
20781
15932
2452
4593
1368
30074
25110
17086
1552
10649
9864
20300
9403
11257
12214
31022
3324
16211
1378
12267
18674
10816
6966
10051
24265
11834
5304
6363
30581
16799
25989
22572
29176
3068
6330
1193
13975
20169
15818
21953
17393
21445
29804
9816
5620
2310
15089
30318
25610
8881
23290
5078
32080
20981
2439
13998
2700
17037
3914
26763
14182
12123
7750
9140
22013
1265
6966
12867
9454
13723
1888
1441
17794
5133
2800
23658
22537
23378
13886
22867
3192
23960
21307
7618
2369
10654
31818
4277
10140
6947
16845
17368
16823
7519
1599
21624
14880
25679
17475
22477
11066
5610
25812
14860
10903
30884
12641
8519
1279
9670
18559
12113
17199
1024
29862
30960
6982
26289
17554
31484
23419
5290
191
20701
5202
21449
25156
4350
24337
7978
19358
14228
5289
360
30891
28738
13951
32597
22868
18751
32678
15386
2535
17295
11797
3959
5703
17796
3123
6606
62
11468
22441
16801
1341
13635
27031
32028
30725
26027
32273
13489
3447
14150
6047
26337
28492
9962
27109
26897
5326
9357
21491
8624
19238
24981
15403
25652
22696
10382
16540
2939
32011
4560
14234
13579
14075
25680
29067
2046
30889
22889
10947
6218
23015
31092
29623
14555
31111
12967
12093
32588
30714
31139
6302
29332
7113
150
15868
13128
28507
31476
29594
9357
28831
4514
17125
8075
10942
27285
6672
25649
10699
28500
18788
28658
10634
30715
19938
28266
17194
13105
2143
28083
20239
32713
12839
29564
29254
6542
5522
28320
3363
15456
4592
19090
3995
13909
11560
23744
28356
12503
11207
22414
21303
27520
28372
22559
9413
21685
32205
30150
23209
24576
30803
16657
5020
8459
6776
23149
23232
19033
28803
28577
1515
10201
30350
11769
2043
16479
15757
5131
2519
23275
11177
12722
25409
28358
18082
25980
2655
7484
30362
5770
4220
29222
26721
26460
27369
15734
16558
13238
15278
20775
6950
9616
22887
14033
202
30879
25644
13893
3538
182
19444
19760
20929
13332
22918
8623
17009
18594
16522
21448
13519
11225
20972
2505
6941
23698
13692
5463
16702
10403
8257
14354
32223
26004
2249
8646
10871
6790
3540
675
29916
28106
3348
25716
15955
29584
19464
20709
7803
16072
6442
23494
19929
32671
26123
4167
28341
25992
28871
27226
32309
3921
21833
25988
6690
598
31695
29747
27097
23659
7750
24528
6624
28480
4515
16137
9097
6221
9777
6125
32315
1582
3493
9983
2737
16989
16212
104
131
14322
10426
7404
26495
3331
706
27404
2948
9482
31446
10598
11516
9828
14928
11942
13758
5535
7974
8694
15718
12989
27480
9198
10323
389
7949
22201
11055
21020
25018
16813
2688
8222
25319
29045
5679
13749
9855
32008
29071
15269
32330
20532
17743
6716
12525
20734
10871
14621
24442
6053
8304
14355
7861
11115
9827
29422
12329
8239
4471
27797
29182
7257
17474
7033
28476
3522
31440
4749
5657
26924
26044
22015
31570
1082
8966
31936
17145
15227
10036
32330
20084
24411
5324
3947
29111
26544
8495
25207
14874
11302
15072
26853
21061
29571
16398
32441
24689
22535
693
3840
28622
24292
8927
12991
27981
13595
15803
25435
2319
26700
11185
13221
17289
11570
1296
3213
8031
28087
21113
12002
5506
21205
20733
25420
19894
9077
9942
28526
30166
1613
24678
1486
16728
7804
11603
28356
24309
26726
23941
2214
10237
28539
14235
16495
24613
16547
26927
18363
2316
16440
21895
14133
9542
19676
20622
28123
31627
4836
28
20339
14755
20297
1798
28695
14722
16091
22490
20508
32647
13679
21427
12001
476
21789
6224
26610
29836
20039
18688
20251
6583
32203
24359
6967
31332
4613
24825
10675
26799
26981
13633
784
24330
16743
8078
30211
1105
10615
733
19460
21604
11449
20821
22248
17635
20693
3908
28578
12855
29895
26003
28443
970
28774
26011
18165
18480
27202
26312
32120
2065
21107
20490
4437
10053
21043
18568
30797
11750
32150
11882
23242
10982
8870
6317
22954
31385
9244
19635
22635
12119
10127
17927
15068
1968
29349
25597
9226
21395
32004
22336
26276
27878
14186
13314
10377
24213
25130
26596
21011
834
14972
29793
22007
7095
17292
22675
15468
384
14433
13566
14098
12545
29913
7925
13626
7968
6708
5921
20431
21607
25955
30037
22847
23840
11329
13068
30656
9097
12251
9107
16071
22458
17600
23361
16770
29769
16193
28296
21988
18368
24780
8087
10578
5863
16655
1203
15463
26815
1788
24026
17046
20814
2235
21589
27095
21966
32040
1277
18000
26358
23465
30120
16716
13586
28678
15688
30494
29847
16837
14776
4907
16094
1923
29771
4757
5791
30203
2573
10978
8910
16187
4786
12560
25946
5725
28579
24644
14463
15041
3187
8977
32571
11164
19912
15110
25991
20528
16778
28772
28014
4907
12907
22992
16790
13673
17820
11595
17995
14448
461
30630
4350
20804
1552
20193
20032
7444
13444
26511
5171
24876
23945
6218
18772
25811
5557
17577
27795
30636
2062
28070
21548
12813
17497
21977
23803
1428
490
1331
12273
19719
22105
14666
32502
5570
16156
3443
11433
10583
24133
11385
1086
12208
7390
2300
9903
22428
28500
18205
4989
11300
11236
22743
19867
22492
22877
12559
5553
22427
13230
8832
12745
15774
8209
32384
12507
11983
22052
966
30204
18218
13211
23192
2272
429
10866
19906
9181
10207
29101
27364
29378
21146
7925
8541
3666
2044
2159
29973
4477
32487
12683
19926
20867
8734
13466
18175
25618
11029
12533
30817
1499
5623
11961
19657
18978
8693
5528
28637
20210
9056
11194
29084
31844
21851
5701
18152
22674
753
16547
18438
17304
25524
23714
17690
21734
2207
16367
7832
19290
21722
31007
7108
8168
26762
436
11112
1902
256
31004
15830
24979
9190
1279
22402
16279
28989
9613
6397
23010
12475
3088
3728
16224
5061
3331
25367
8819
20568
2145
17152
30433
1177
32503
16374
1590
55
26880
8976
8783
9505
30304
14773
29575
20618
26036
13877
11738
27551
29219
6463
21620
20054
19757
31228
24437
12460
17320
27831
12656
21575
11171
3876
23235
29312
750
8122
10009
13867
3325
32315
7227
3991
13835
16852
6311
18596
13374
4507
2348
31920
23697
21086
26803
30118
15513
8569
20191
12748
30097
15803
24535
20847
4960
12998
14942
13723
10505
19075
4137
11220
17428
17422
11135
29133
3398
14564
12574
19722
8353
26897
10806
23656
30119
25621
22672
1453
20491
13316
17682
31629
13440
30799
12533
26440
22796
32399
6792
8622
30993
7002
31064
9315
13403
29357
29627
10129
27062
2515
6281
1113
9303
3860
16645
2526
10416
31052
5660
15435
32409
7427
3368
4260
8692
15936
7396
4729
983
29457
1805
6513
4294
32757
20154
17344
20608
15316
8354
8571
24535
28837
11229
1183
5227
10317
6979
9967
27373
16425
26992
30225
9054
14595
7615
3118
23689
30543
3264
17002
28394
29981
321
30742
12167
7208
20261
21775
1272
27565
23079
29350
13913
25964
16387
11663
22047
24588
21985
31932
14405
911
24436
3387
15025
715
14000
9438
4161
19192
3856
954
23555
5812
10335
6793
28543
13324
12068
16852
1474
16441
5916
2580
525
31653
12046
29400
30446
24305
28090
980
31058
9499
17207
9084
17336
14189
5418
20264
27379
16774
1414
22576
23801
13494
29167
10230
24902
1051
20716
28345
32616
10690
9123
21852
16420
10071
31850
25031
1456
5926
26373
19943
19539
31592
16912
19466
17272
7043
2333
399
10024
31795
16050
18182
8425
22656
30337
17418
11060
32712
17264
15643
4855
21159
8723
23395
25516
722
32134
8468
28043
1522
29285
27837
11105
14611
19111
29104
30664
16469
24033
8358
5822
24603
15213
9127
27543
9182
3510
20481
13282
29262
5386
31977
22125
15152
9736
4640
19183
14640
14274
28970
11715
12103
9814
32292
14401
25007
23209
20844
17664
14040
31430
11920
15557
626
16774
3308
11750
12546
15084
14473
25025
9127
26403
19489
14465
30317
8355
20297
1673
13834
6641
24658
20656
11005
30948
25354
26170
12017
3228
4945
554
28565
23407
1915
23171
27718
10723
7539
5742
22741
11719
7435
4450
4282
24741
13209
18886
14436
22455
1112
21121
21770
11587
16029
966
31219
1671
10926
19213
7514
14240
15963
28677
8390
29206
13298
5429
866
14652
25872
9316
27853
17174
7917
13417
4215
18057
31707
11315
30120
10608
10356
3670
29205
31056
17105
31396
18751
32397
1345
13851
30473
12504
23057
17008
4903
7466
29780
30036
1010
9335
18106
11143
26388
29586
17197
31040
13157
19179
10984
13397
26626
3057
7731
29231
9863
1966
29935
20653
12848
15809
4821
12097
11835
27293
8000
17484
5734
8391
8175
16246
31276
2196
19835
29315
12296
14795
28925
10859
4883
8446
11208
7517
4062
23198
26791
20936
29363
1964
929
1597
21369
28157
16671
32454
12447
27496
13898
3066
5652
21866
29950
7118
5775
10703
8330
6268
4852
8527
4312
29614
30993
7799
20837
31130
14253
6675
6892
15622
1919
21321
9257
18839
3623
30381
30262
5977
3158
6841
2982
24361
21885
11652
29675
2635
4307
17264
12892
28811
24780
13400
21439
18533
9187
14454
2860
17555
14832
2472
13839
13590
28050
14086
4143
11205
27397
19106
1574
25993
20330
26578
24706
13817
19297
6900
12056
10861
1993
17747
3856
14039
1307
22024
18429
1878
19879
23495
13235
18858
30996
17850
27613
19420
31269
22463
23949
9211
23134
12290
9237
32745
15242
1840
8387
13248
16029
21813
13718
24169
32180
29534
29869
18533
15099
25616
1861
26123
11002
24300
30863
9275
22153
29661
32762
14667
2628
18806
16355
31844
20551
9090
20807
11003
29264
12514
1523
22412
24449
27221
6040
7283
2394
7172
6178
286
30655
30030
9816
11768
5335
2479
7456
24413
30857
13672
7245
12883
5365
89
11699
5004
8127
21243
8522
18176
29595
3049
18161
7473
21866
18733
29029
24741
14042
17958
4437
15192
12988
12651
12163
31080
15903
1397
26230
2508
21199
26457
25093
27571
1247
28294
26976
28220
18524
14087
27676
21103
14656
22778
12060
4753
18859
15536
985
21164
29165
13602
7897
25298
28208
13777
26169
27430
13443
10366
10744
12508
28519
11832
7086
4618
30153
3620
6281
30971
23745
8658
6715
25142
25821
4337
3106
16211
942
20598
9346
5446
31965
28087
23515
20062
22239
9226
19537
32290
10521
28891
31200
2412
18614
30861
7749
30044
11111
15387
22332
32177
18995
32562
24223
24719
27708
6554
10677
25302
9117
13691
29613
10285
31334
25328
10742
2584
29697
16342
6142
29874
111
20980
8556
4973
10909
1864
15758
26118
19769
14006
14198
30405
17019
26497
4089
22726
19951
16528
28993
1840
12190
32052
11812
32390
27001
22392
19879
25762
6486
4147
13536
6787
14480
15304
3878
21815
13634
14400
11362
3563
29469
19665
487
548
10090
26170
12273
7920
16038
9539
1333
545
31520
17538
3421
7079
19059
1093
5454
27067
17307
8091
8736
14094
21906
7146
22088
13031
7984
9494
9593
22990
5838
32332
23072
4522
30255
16312
29325
24796
11822
4086
32660
1066
15404
13380
10623
1631
9239
12454
13567
32504
32160
15154
671
21405
5338
21098
32123
13299
16490
3922
31100
29854
82
11166
16756
32702
25695
16336
20059
28716
1629
32104
2313
24762
3729
29699
9220
11825
23289
12863
31533
27415
24724
27565
24096
18827
5089
26174
14908
24513
8250
4188
24920
31670
13397
1086
11610
7089
15970
26634
6741
26838
24689
22348
28411
25221
19668
9453
6989
224
19786
27827
7266
14293
12367
12424
2265
10584
10381
24343
13506
26909
12564
22115
20102
27012
621
3248
14673
18003
19410
5947
24022
13960
24702
6425
1853
31768
18719
25539
13698
13666
22259
7543
15937
26307
19965
20017
9864
25507
990
5046
26379
8281
27812
22564
23307
26496
18823
31335
14503
7442
22697
27728
6377
6923
7773
12584
31389
10619
4048
22131
25420
19954
6173
28530
21409
3962
16536
26496
18958
4756
29196
15633
30416
613
30804
9637
17928
1065
22283
17599
6924
28191
29379
7578
6979
30143
10812
9172
3351
1673
12460
18178
31942
21025
9888
32115
24764
3944
12317
31086
23930
16496
12792
16762
21773
3381
16339
2885
8927
3322
7262
10362
2590
25805
7033
32689
24484
17448
30539
13345
14589
18011
23058
2825
9782
22241
29751
31458
11343
15306
27591
29907
6402
4848
2328
16811
24204
25873
3903
19374
22184
2466
3027
27793
21598
14103
28017
26422
11135
29563
22694
19483
17694
1721
14728
23418
25752
29557
13079
29979
24679
18783
19751
2017
27750
15819
10486
30407
15627
30502
13551
23022
17999
9339
19838
14379
18681
29989
10015
16513
3613
14509
13889
15927
20987
31747
25700
2867
5929
11839
1792
27824
18037
2218
28943
15666
24794
15224
4167
29428
12514
29230
1599
12659
9426
2897
16405
24302
5945
20727
23390
9471
8952
28193
4839
6697
16441
14311
27417
21
13742
31797
10067
29086
22917
30991
8754
16542
28358
11297
31479
17768
20943
18655
20015
18463
17226
951
16611
9430
10487
10390
26176
4545
13612
31298
20904
14333
3829
13589
12133
13287
23806
24998
3432
21699
5796
12312
13425
5303
10290
10654
29286
15006
7146
31433
16487
24444
1373
26153
11645
14318
4525
19196
13515
11649
16744
14457
17362
14723
28509
298
17916
24674
2380
3133
11818
61
18203
29142
24565
2952
20170
20350
11052
11261
12394
16546
31630
19366
21189
21819
24667
13559
30034
11840
4846
26427
1043
9748
15638
6134
26962
11438
4944
13664
31920
17824
22650
31696
24524
5545
17500
12732
24404
12759
28978
10426
1315
23163
25051
9551
11265
11206
10127
22108
25850
30737
26546
31217
24714
18817
27175
18732
5422
22991
31412
26325
29859
8864
30784
29127
4490
15316
3902
25086
14430
23388
16497
29643
15236
7319
20558
1163
7841
14189
8694
24594
5974
27854
2591
14898
20553
18050
17796
4737
7602
17609
18106
14896
28207
6121
28491
32630
28482
2728
17051
29876
1412
21174
29312
2290
8645
15435
2487
29540
1804
25248
12559
9058
9169
16583
5971
6095
25481
5316
11583
21180
28797
20066
12243
29301
603
324
19353
32664
7094
2945
2408
21086
24490
27620
5906
20096
21430
1116
23501
5213
17467
16723
3707
26845
21020
22351
8422
9027
12198
30405
8944
26713
28469
8504
9874
22891
16281
9342
246
14207
8636
2829
18227
1382
5021
1862
12287
23539
1234
13497
7407
22318
27291
4946
15298
32086
15214
28001
16239
26526
30219
5329
30330
6179
29231
15537
10930
22325
8665
28417
31276
304
8226
26023
29925
7458
20342
9282
5374
2889
3688
4410
12759
22170
25530
8272
9757
32471
7826
19382
18250
2138
6110
3595
18017
21822
8865
21908
6957
27527
7569
25574
14460
6911
3555
3775
25041
9356
2996
687
27606
27268
11876
28975
30441
31168
215
29735
18811
28483
28691
4684
28945
28349
30663
28988
25322
5571
2640
16885
28994
23912
1318
12930
20494
2228
10729
17406
13752
24644
19901
27831
15196
13391
28050
19307
7726
15280
31220
23725
1870
20370
10029
9369
3320
17170
29696
21791
8392
26553
24797
4688
27943
25267
31059
22497
8351
20374
9624
22115
22079
32135
24117
9556
2726
23749
10038
7486
3551
29762
18181
29370
26194
17054
24919
25161
32106
25233
26672
19132
9936
26884
20290
9052
8118
13083
2606
28482
5244
14162
13840
7716
7335
24904
25092
21042
2817
4980
19362
19901
28325
22085
31094
24822
5444
23994
892
25145
12111
11170
28283
5982
29302
21386
14340
18976
20564
2461
29015
14027
26331
29171
18059
1248
18278
19423
21436
2874
15521
15260
11412
31694
16831
14824
22360
5152
1891
6506
21470
27256
14620
6838
21028
31800
30839
29495
21853
28678
18040
12949
10580
8285
32507
14530
32255
19853
13604
4863
21555
285
22698
14104
20383
29628
30416
32476
15733
8248
1753
27243
17535
13846
4587
8674
16252
2799
5039
25601
8384
16610
23949
7293
6487
23399
31288
16340
10070
9947
12598
9997
25899
7230
24328
19978
15938
5527
11245
12506
29538
32208
9089
8342
11017
31562
2234
16161
27184
9296
21225
668
9114
3443
17838
20014
24084
19436
14013
3185
6943
12955
13410
18816
7132
16348
11231
26800
19684
15928
7646
31336
29080
27361
9803
17029
22426
27899
8297
1787
5427
8791
12505
9895
27723
22535
31055
972
25701
22473
27860
3977
15772
10031
10596
15973
1778
21313
7355
1570
31148
23130
10355
28628
1293
24356
25916
2119
12752
9566
29326
4259
25969
6859
13023
9843
9521
3513
13734
24028
19341
24401
30771
7281
27168
6823
387
25585
10240
29049
29070
18495
24713
5987
8416
4869
26761
13838
28457
8366
21861
14088
4039
1539
25387
30575
