17876
6124
19631
14823
12406
12663
15778
7702
24974
23331
11873
12970
2374
30507
30293
7675
30016
30282
12574
18104
32388
14419
10818
29331
27813
27403
22865
10663
27649
24290
32227
29884
6258
16058
29978
16776
3432
28480
9800
3004
1195
19435
1076
9138
14240
13550
12047
17078
29847
4314
6477
14112
22541
31751
22726
28261
28013
17028
5080
5295
4313
26025
30172
24404
15465
19923
31271
26182
13147
25687
20060
12011
30116
10456
20368
20696
20396
17887
31880
2990
6562
1480
19882
11504
5855
13459
16612
532
10853
1247
3883
32181
8540
22277
21310
20634
19426
8325
18629
11012
18359
24839
15726
18425
22717
5598
26797
2831
12157
29987
6584
9419
21004
22394
21773
9900
1890
26861
22942
16770
30972
4696
4629
26963
5681
7762
25951
27545
23608
11422
29309
16248
12579
4215
11841
24731
32227
5154
3651
6006
27676
18621
5291
14274
20800
31398
1658
2695
20303
1857
2058
3768
9519
900
6645
29878
9855
3639
29222
27946
9668
3849
29835
2201
19366
8042
8180
29174
8393
2339
6543
11750
4191
7284
10862
28171
25804
18133
31957
12671
26440
27191
29122
16531
7640
29899
2600
1884
20683
5011
28137
6955
16668
13667
15396
8415
14640
14044
860
10982
13725
30803
26150
9421
16396
1924
4957
30186
1029
13573
12687
18781
13360
5310
6665
26810
16129
12875
3058
1332
19904
20978
15288
1340
452
17024
11556
13225
16146
1468
7349
3310
7798
3286
981
27170
763
24631
25751
16817
28341
31250
30536
24982
4860
32083
6732
12973
21179
10215
29831
7681
30809
27376
3378
30340
5731
3805
32159
1539
26570
10560
29035
18481
21498
27991
8332
31221
1243
5547
23158
7258
3689
25338
17386
27817
30249
23686
15144
2190
32573
18831
5594
24651
5226
1206
26441
13195
14904
26675
13854
15540
29222
23704
17317
21294
12408
18491
25791
2635
4861
21249
16414
18465
17480
11822
8868
29929
18370
12378
14804
15568
11069
24615
29473
18584
17651
1899
9969
23632
19851
397
7785
17566
11171
32023
13046
29053
4834
25633
21657
22256
31434
2128
1788
13578
17668
16999
6658
6188
6903
840
11480
27004
7407
17899
5691
18351
255
10949
11783
5954
9791
5697
9641
21458
11229
32563
4766
7315
17689
14258
19965
27811
4228
29195
25679
17978
20695
2613
19140
17834
27278
19243
6430
15926
6316
2838
28529
2930
5426
11899
25341
1155
1343
2988
28833
7396
23662
22868
24491
11112
30772
16446
32429
17774
5489
28897
29944
8555
16781
20250
22226
17923
6487
27855
13891
4624
11578
4401
26225
23111
2124
32627
1032
31401
11333
6277
1101
9095
14493
6667
1093
3327
23595
25625
24381
31535
5363
14202
1155
29831
3936
3077
23952
14261
30341
23393
4050
17038
9226
16072
1358
27813
32016
26199
5045
1388
5188
20360
4933
19973
22079
5593
31042
12008
8972
5970
24889
9292
7479
16640
5230
25977
4955
1153
1082
19743
32168
19415
22778
12524
31634
23264
23382
8953
17174
31022
26297
13399
22832
7621
17211
6028
11255
2257
468
25100
9831
2813
6942
1013
27066
25885
11130
2012
20722
32675
18013
10871
17035
21235
6109
19982
10176
28338
2493
3138
24785
25267
12762
11925
2070
8149
11433
17753
13156
10376
14161
385
3455
12800
22309
4347
31078
29169
16862
9993
30951
14022
16188
11535
30531
9878
380
5727
28902
15318
15168
15122
21372
7689
9894
9559
8546
22596
7103
15703
15189
26909
5573
31287
26620
712
25692
8903
379
22847
31861
14849
15285
4447
20922
24915
22688
11214
1280
30370
16626
9753
381
26413
32214
3407
3272
17445
11079
31047
29089
22885
15046
24057
12457
26409
3903
4705
27757
6764
25017
3112
13521
17216
15469
23960
27554
31682
19514
6807
1633
3292
4198
21006
14986
29825
2949
4411
1336
22879
18537
5294
1563
5996
26519
5922
2494
16046
14675
21423
20531
4499
30668
4763
21191
18605
9798
4152
7092
32457
7323
9014
2643
3100
13803
11473
28998
20530
9027
12756
5050
15405
27457
5580
23420
21968
29760
21163
5794
16647
22400
14554
10330
29122
21948
18819
26479
22526
5475
15963
27175
27500
10188
3015
24509
19086
29715
22246
21144
11590
11549
653
14595
20965
13967
16829
13873
27227
21570
26904
29381
15188
10209
31309
31413
11481
11479
1235
29966
1856
20725
16702
10875
4914
32645
14449
18105
24071
25524
25034
14198
271
9206
3922
98
22292
3301
19843
4803
24607
24031
5275
8100
5624
27690
22311
3210
26844
8212
13824
26739
12143
29848
21895
25255
31245
14670
27096
14436
201
13944
22438
869
4801
23626
20432
387
26448
2251
8324
23052
28146
25258
17527
10337
21636
32538
9512
7338
9328
1209
12510
3084
4450
22507
16717
17580
14571
9045
31056
7465
19143
4056
25849
27963
31649
18674
17555
20678
11396
22611
29027
24655
12634
15119
12593
23539
31881
19477
12125
21119
27781
11747
13365
25165
22381
30942
30586
7737
27486
8234
26145
18612
15947
26547
15930
29360
21477
8418
3854
9813
14774
3053
11914
10413
10031
14321
26567
23277
20522
19761
32512
5883
28120
24174
13716
20976
7447
29511
5093
26624
4189
32685
30498
4522
31429
17900
9847
32714
27408
9859
10483
6434
19980
16309
20093
13714
20000
20206
3537
14081
27268
22841
29947
19338
32644
84
23803
448
13405
28596
28587
29431
1034
22613
1632
18954
1032
24367
21592
6697
20855
2311
1596
29844
26567
1278
29426
15418
23305
2485
31274
4626
31066
9706
32177
5009
14709
1553
26567
27903
1371
22959
6749
5552
198
7682
13848
14094
11414
24382
11440
3391
21968
7586
19773
32385
26333
27228
28413
25408
15370
2740
22037
21705
9738
5783
22793
12548
9303
5345
3663
1046
29561
21952
31012
28159
20177
11562
31938
19891
22480
25418
13049
22518
32576
27980
20564
5747
4837
7977
952
23071
28056
25353
5655
24192
30787
16919
7741
26008
9377
30071
1066
7153
10208
15681
14432
946
19242
26232
6506
9793
21405
7361
31158
22409
10511
29677
27257
30898
14360
30604
10778
26501
3785
25456
4398
6901
3017
24044
22533
22492
28625
13375
26082
31168
25660
19097
24671
6469
21023
10665
14098
17217
8792
28168
3406
6445
6658
7849
5928
2664
893
18268
13916
8330
5913
11890
448
9080
20298
11280
7286
14577
5321
22590
6679
12350
2708
9172
25123
7761
1523
15456
1531
17942
7104
31997
7964
7463
11168
14821
8523
6213
5548
2819
15187
1171
5544
5252
4711
1132
8490
30181
27113
6201
4194
18617
11756
9324
526
13242
16734
15112
14968
23446
9414
26959
6193
22910
10057
21005
1791
915
22445
21890
3305
26548
855
7018
29132
11931
28193
5556
8097
22461
24242
17021
21249
1645
14216
32065
5189
24189
8939
10099
7785
14780
14611
27415
2679
14291
19460
24136
5030
15806
12791
2683
20792
20899
32190
25068
2293
16157
19178
32159
7967
22084
26675
16154
27592
21270
32128
10470
27457
5921
8695
11753
17594
20577
24107
30678
17598
28524
21388
26083
30648
8694
22455
20677
2596
3355
1468
20703
346
3142
3125
5062
19532
17772
28828
12816
3372
1674
30321
20825
28280
25845
13394
20040
7375
10893
21409
18681
3800
25430
26308
10510
1753
19754
12080
7731
20933
12971
14739
9455
31008
31707
11597
15703
24051
12207
20421
17282
21293
19475
16544
26205
14990
28824
21418
30301
4454
27661
3677
19986
19715
12073
24042
26018
18685
3351
9092
29492
31861
5956
4279
327
913
32468
27678
31983
1549
31633
5303
19533
6884
13787
4129
7041
22487
2792
12717
7961
32751
17605
7924
25923
20769
9067
26538
2526
29465
19553
18915
29475
21994
14513
17863
20306
21712
31433
17993
142
6578
17467
7597
31009
11044
6572
18404
30720
1693
30629
4174
13833
24356
28801
28337
31098
3470
17249
13789
1456
14332
15794
19513
22575
17741
25535
21939
1102
28568
12112
27092
8362
6009
23888
31910
9822
9734
8672
16816
11771
25265
8179
17786
30344
4923
15224
7573
19279
2129
10065
21788
30977
32542
24019
28758
17321
23118
31541
3363
12193
6234
24552
11152
14044
28776
1141
20741
21479
14425
7752
18263
31944
29529
11000
10571
20143
515
18761
2424
26984
2310
6278
13709
30746
16749
11837
30680
18777
17285
4234
10288
10962
29256
32149
31247
17841
13140
7039
25460
29276
13309
26607
18647
20973
18064
19970
9768
23637
5079
25020
16854
31927
11502
26259
28332
1964
30521
26925
23744
614
21422
31521
22454
13786
21590
32354
3793
5771
18915
231
14
15075
13040
27575
5303
11543
4925
17595
28873
27905
419
13441
11726
25016
21047
17368
27025
2155
17686
22264
12
13698
2039
9245
3516
4063
8761
28692
26088
9510
6440
25988
23063
17838
19916
15976
31192
7317
19009
18660
13904
2717
2719
5405
36
30333
12751
12916
2089
29093
18915
31023
12131
25082
1312
11049
28257
27081
26830
28798
4512
19155
12787
32480
30971
25824
25317
21394
16467
15229
14858
17450
23915
25035
3886
23595
19469
14501
5499
6048
13809
11728
22887
10823
30876
9744
7695
12280
1727
9477
9186
29092
29223
8581
23689
18443
28957
17975
27394
29201
2538
9145
5775
21527
30740
8831
30656
7676
17138
15363
3607
20385
9315
1268
30225
30379
11824
28787
19167
5950
6297
520
8325
11147
27939
17386
3246
17319
21200
7000
31837
801
11660
2667
15136
20248
22305
31171
6880
18099
23437
9486
25044
31598
19814
4607
19301
2242
6642
6214
26381
13983
10034
674
32210
2976
25105
30506
7318
25027
7707
15034
25130
32734
8560
31132
5411
24857
29414
10600
16792
329
7074
29522
23271
7585
32206
3080
11351
17848
22522
2084
6795
17776
29554
32548
21314
20104
25932
2986
6683
5747
10971
20557
3551
20160
21251
9091
15722
5974
23251
12137
19855
7646
32022
28920
27356
21198
6711
20289
24340
29333
27909
13232
17034
11135
31629
11829
24610
13941
832
12605
23137
23595
10284
9343
13357
5618
27199
3791
24526
3657
8592
11030
23738
31391
6484
1786
16332
4774
179
17814
10092
17736
6751
3181
1591
12375
25038
26149
11853
29341
16553
13997
28989
11445
16599
15722
19704
19171
22981
14442
30388
31368
13635
28097
25559
32407
13202
22882
20480
21943
15481
645
10555
2872
16969
4923
17599
13191
8167
20442
8668
14613
20498
31433
22840
2245
4632
673
17453
9009
15738
24370
8641
20750
7895
29627
12204
27363
5511
6966
19272
14574
21683
27678
29679
1596
3143
23978
4906
21065
22211
27776
1880
17560
30655
29903
6172
10960
4293
11662
27615
15005
29611
5424
17960
18338
1724
22115
7990
22584
1521
14069
14728
25032
26747
14336
19717
22434
3317
23563
1840
7616
24203
20590
1510
28010
3550
15462
28713
19266
307
29050
12363
16811
26356
17143
13218
4080
4158
11855
27648
6619
20816
14368
26901
7507
31786
32662
9475
10122
5062
21234
22616
19264
29842
20048
16455
6799
30786
1068
9180
3131
16301
5670
26939
17423
23592
6737
28725
30014
639
10663
13111
32624
15512
16209
4885
29909
86
11470
15427
2083
31123
29391
14483
24076
11344
3428
21206
362
30075
9882
1587
22065
22962
30023
10913
29605
9694
27866
8760
23791
32030
30045
30601
2569
5728
15555
27007
14875
1179
3772
453
32464
23485
12374
32197
27167
28871
15374
31690
26860
4930
31301
176
27895
7679
7353
32596
5685
13398
22448
14813
4577
1421
10606
16578
20826
6041
2379
25732
16146
32244
22997
2296
11831
20641
19428
15750
31454
11003
31485
7735
2535
22177
14578
18984
16273
27295
13806
25886
18006
3790
14205
7923
5584
16495
31922
23808
27533
15241
17539
16233
19034
3681
9065
4984
19302
25660
31799
18234
26798
21801
7248
1338
18061
2621
1704
18798
9423
28090
9542
15349
30447
604
8002
22953
2116
24340
19929
16141
3679
9114
9765
31157
9239
15098
10012
25284
24478
7443
1696
19304
29505
27237
26040
17867
21207
23281
10434
32559
4983
17977
28320
8078
26015
30932
28353
1559
32411
8784
21379
23913
23280
908
5047
31064
14683
24838
7422
12082
6322
2607
26694
6158
2173
9031
19113
30523
27647
32155
215
28088
31783
4177
28936
8012
31012
25941
30979
4012
3594
23042
29755
29059
29403
14830
27370
30946
6402
5115
4372
27976
21367
30574
8998
20046
1771
29560
1388
14986
29196
9708
28808
16821
9418
7860
23399
3725
6213
2389
2184
14035
9854
19920
15038
24323
4479
1460
7974
20180
1875
31417
25495
30319
16285
4596
19440
11912
7608
22922
13854
14777
18575
26134
1453
21866
31951
19876
5392
5689
14319
23914
7773
14471
22329
10238
13518
7994
21577
23468
19534
14887
6192
17881
27882
7230
30329
15152
29338
4034
18474
26465
22886
24197
4390
4380
29534
25785
27077
14615
25506
24200
28579
4924
26901
4804
9787
13286
6536
28727
29056
23058
3223
14587
12393
24017
26698
5597
15740
14419
5922
27484
11245
6726
5611
12929
24971
7007
7048
20467
4467
27247
25769
17379
17109
29244
1879
4368
20700
18835
7392
25814
28523
12479
1367
14772
9866
26826
25229
23010
21733
19935
15266
25064
1694
17310
2778
9352
7469
15696
31078
28173
28997
1478
15228
7389
16202
23751
18970
8939
17490
13753
16635
21627
8322
30259
11667
27287
13684
28579
25534
296
5410
2355
16680
43
20728
31034
9796
3678
24975
13312
5202
28007
23432
32220
8559
7629
8290
18128
14669
11051
25521
18322
32114
3360
27690
26217
18023
14545
31155
32757
25670
29725
22917
1040
2563
2414
22232
8523
275
9184
9476
31491
9096
31139
26055
11547
8093
16724
17923
7272
11655
18881
20006
20352
4896
24801
1026
23325
5110
17952
12202
3271
32185
20520
5248
5224
24901
9347
20931
7443
10044
413
3213
14233
27377
14674
29570
2560
24154
10246
24943
1052
31304
17503
30038
5098
3492
20180
25727
30017
13219
16213
10197
26384
1315
31221
26651
5450
19319
13807
7394
28297
13013
3617
26070
31832
11011
11023
3919
12769
28680
29047
27634
3491
5281
3189
814
4063
12522
28746
24517
12924
7474
27182
20091
3127
16042
24867
324
15218
22509
18660
14392
4465
16014
1929
25940
5475
26900
30015
13311
24217
20142
11707
1158
15958
21974
9741
23505
15097
22674
30996
25511
4571
1141
24609
16660
15718
19591
24669
10397
14027
31895
15434
21397
32573
13443
22719
7867
12415
4257
22721
1388
6095
15593
15065
15699
15507
31865
6652
15544
29730
12678
1832
29524
28173
22467
3048
24682
32543
7884
784
26968
12357
21210
4541
17851
10459
28713
23510
7302
21818
31269
28716
549
6739
31856
27480
5365
2889
7325
11155
28601
10992
13715
3071
12793
9589
21688
17588
20198
12760
9013
11215
20835
26696
5532
27160
1515
21725
5967
7127
4263
26227
24740
31630
27078
28062
31533
29609
6286
26226
30995
30509
18681
10240
26918
26480
15866
12176
29064
23134
6810
14775
15373
18693
11569
10391
3535
27165
25584
31659
22337
18796
93
4591
4716
9743
32458
18161
19273
32244
15852
9692
14456
5852
5404
1926
8187
15922
2742
24815
10682
7119
30126
11986
65
28046
17313
10184
6752
27004
28074
2204
22681
20061
30096
31585
19871
20608
12359
20455
4332
16801
2418
24355
20043
27831
894
6682
17211
31608
15427
6793
16703
27298
3047
15476
10247
1047
10447
19996
20256
30596
20011
17071
19103
22468
24491
29189
21802
29341
24844
14368
28559
28966
15390
2857
22770
10419
12845
28382
22939
8088
611
22201
11634
25734
22148
19783
19766
28827
1523
14477
23065
29191
20707
11089
1242
18493
24788
7187
21887
19503
16980
20623
14175
28369
8001
1336
24393
25237
32394
17764
1391
29080
25920
1861
582
2315
22923
23022
21751
30996
20397
13354
665
23790
21708
21380
18850
28483
27075
19216
10663
27131
1145
21651
14376
38
6308
28991
6725
30343
25870
20476
28527
15941
24820
1321
9322
23358
28285
28444
16379
19306
27878
15232
31095
14116
18770
30293
31004
17570
3757
10058
17090
32001
30012
1159
23318
17762
21588
1927
26702
12539
1059
27465
19260
27904
16175
23575
17144
24520
32599
21412
2395
29357
24030
29213
214
13551
4752
29707
22161
30538
29551
6840
17548
7981
27753
1259
11444
3573
9206
4593
12089
28017
27747
12786
12508
29942
39
18317
8952
5900
22187
4855
19914
25618
187
16088
31781
5006
29618
21184
24303
29307
10828
3009
30805
25238
12629
25266
24363
12007
5095
23772
8975
28492
12646
16442
32314
12937
7453
9263
20713
19177
9127
31651
16895
29634
6558
11026
20289
26841
12734
118
7950
13
6288
21308
9568
29197
22321
5592
22751
20258
26153
18507
28246
3739
7496
4346
27115
7757
4769
25706
3029
27906
16828
28035
25047
16126
24706
20761
31933
7362
10494
144
12477
8998
12448
12406
27854
32468
24926
14551
21186
6252
1200
30968
12265
17153
19539
832
10664
7475
9797
8180
9918
10633
4515
5960
6569
32527
25162
10456
19361
2710
11807
13986
26082
7816
14944
4700
320
26610
5440
21713
10029
8243
12693
29668
16871
24619
19247
6238
5994
22061
22333
14089
21991
2842
13570
26813
27868
32336
28291
627
5403
22716
25475
30780
27173
28294
27433
32717
17786
27104
5580
12824
6117
2435
16897
29439
6856
1156
4862
6037
1696
9223
29062
15558
11164
13095
30266
9585
25843
16165
16546
10320
18607
11037
22778
8525
9544
26968
11731
14155
31142
17077
9882
5830
27346
14261
27001
14228
11936
19726
32384
17927
9349
20835
4632
13912
1291
21106
27352
10472
26632
8667
31231
29550
31408
24455
17006
31707
11101
11410
29638
8535
10384
16327
24890
908
3415
31885
17414
12033
7490
4306
27789
15184
14798
24151
27611
7511
4941
31101
21867
16350
15828
28627
9704
26552
13757
10150
9438
13902
25739
8999
30706
26766
29627
6916
17231
19217
27750
30399
16592
19717
21437
26668
22321
9276
11999
21112
25098
9795
14079
31361
26191
29649
20501
20564
2659
14177
24752
28884
6112
19255
11683
21016
313
7769
4958
15175
31816
1243
7851
14490
18996
20492
5050
21624
16310
27648
17097
24351
14730
14115
31698
25119
1691
32310
21065
31701
291
31637
16648
12742
27538
30581
22503
14962
28260
6115
29574
9286
13198
24102
17242
30216
17143
12771
32299
28260
12886
25009
25399
22398
28054
15945
32574
29800
5684
24495
2762
796
29828
17956
5821
21
5657
7916
27834
30874
6954
8436
6083
9654
1514
4955
1890
30838
14962
22397
7628
25063
17740
11263
10765
2826
2447
26455
10163
4201
137
17217
14574
21041
24154
12492
16583
3680
29356
14552
4041
2563
8062
17536
31330
28188
13538
14004
806
29991
3114
17589
7165
11591
28187
30427
19907
30902
9800
4839
19135
7078
1654
27091
24394
5206
22325
30305
14503
7849
5900
15749
5081
21212
9422
31121
31408
291
20047
17242
1662
22578
32283
19902
7476
29251
23143
17118
17154
28194
13951
166
21957
6332
4004
1916
284
12828
2199
12963
9673
27798
4189
30181
15212
21366
7884
2431
5375
19912
23674
31833
1435
9783
16675
3969
542
11982
2882
27620
30643
12317
3857
31015
18952
7642
9301
5993
8745
31999
29177
20938
24453
20161
5495
27414
18312
24210
27010
918
10176
23734
3418
24111
14587
4324
9537
31461
3944
18268
17895
2065
13010
10474
29405
14053
16930
30485
16583
6722
6459
14235
20683
25008
17691
18953
21279
22092
24258
17334
11194
27072
6206
22895
17116
17293
5770
164
16061
5298
26116
19288
13817
14669
15717
23406
17405
24355
6689
4933
20832
14973
6688
28965
21937
198
27155
20815
19851
12587
20423
23719
11719
77
6067
1913
20451
25503
13708
22396
12376
11166
12147
19866
25509
8599
3967
2784
13852
12664
23517
21328
21756
13010
22258
30382
24177
1034
1708
15130
28122
11534
13925
27363
9836
6645
19828
6661
5992
30621
5638
2148
12843
17150
24961
1367
13615
26299
17283
11159
28064
23573
11242
14034
25543
23506
5469
15666
31777
7818
8523
30840
20767
4938
2414
28592
17327
25427
8592
14728
12052
1020
15536
829
21984
15794
18213
10437
21130
8444
21977
25769
17819
7896
16751
3308
11858
11982
9941
5159
15087
26328
15414
11803
12693
20540
18312
24100
12929
28617
18010
5478
5598
18143
6953
23390
10086
14343
9527
2404
23419
4193
5100
12995
19492
30918
27569
27160
28855
17503
1306
14051
18964
10167
284
3758
27480
4803
24816
30693
32091
1542
12351
9724
729
12213
14608
830
31984
4599
19901
2856
7845
15610
30811
23649
10180
30048
8428
4762
22961
10887
25314
5504
18839
31318
27742
17663
5423
29323
24843
14889
14471
27078
8543
15320
32301
31947
20361
26718
11469
2592
4044
30338
9583
18770
23046
31173
21004
18980
12136
5664
19327
18243
15647
5235
17706
32472
20973
28711
21751
25043
16347
1717
9571
21813
13133
22934
14625
23605
21937
3922
4981
9546
19060
24993
18597
31222
16709
13896
23923
21596
3541
29099
16683
3499
6999
14524
5618
31187
17311
13475
3970
25977
4979
8789
9972
8421
17335
31317
2303
16928
4586
20853
12427
18971
26341
5306
25377
21988
3725
31081
5993
13117
5559
30760
25858
9718
32557
2956
25054
27701
16840
22
32751
30993
1328
13479
174
28100
11640
32579
11564
19212
9344
7929
9290
5172
11390
17396
4309
21027
13933
27360
20740
31813
16860
28934
27650
16283
11519
28595
7772
25072
2660
26568
17359
31950
23012
12050
8043
25893
2419
5247
18918
29491
21320
14828
23901
21461
5353
29244
4023
30171
8120
11422
22690
16566
6898
12082
20937
13701
24968
21593
15440
24892
21495
14146
30995
4241
25886
12983
22446
12847
21681
28132
24570
16754
26324
15124
20819
28838
22509
15160
31077
4050
29963
25758
32726
265
10405
17041
27793
30661
19045
22292
4130
24107
8617
3545
20876
27429
9680
8598
10846
19934
18896
18774
30494
5208
19793
11849
2153
17981
31788
32363
24981
15608
428
5796
7764
23546
8423
20073
7567
28558
5529
7576
10380
21605
23597
23330
15030
8309
11413
14250
13849
29255
28258
4284
24409
9914
17613
16686
2801
32500
27775
15524
25002
14636
12198
24100
17955
458
13564
23257
13392
5038
9393
15147
16952
13713
30522
20784
20823
24292
121
17051
4023
27132
25824
30694
19847
9153
32180
32247
14739
3745
17057
30354
13960
15801
1494
598
1901
11519
19066
22531
24189
597
25512
21734
30744
4128
24615
28230
114
3922
32137
32160
13960
19023
18181
22541
2609
16591
11997
23236
10342
622
10663
19656
11996
17813
2642
16385
20546
25212
22710
27271
5408
14970
15743
48
5023
29523
5647
2098
16369
7173
12545
31472
28183
24267
12364
29385
7655
19914
15663
7698
29975
208
8509
25693
18437
30436
10653
9535
2464
8985
634
14233
19800
29517
1047
11229
2083
23777
24049
20195
25704
5346
19032
31458
18792
3725
5052
28326
31213
1195
17333
26791
19072
28818
10501
18324
29375
8414
30770
17039
28316
1045
17892
10025
20888
29570
3544
1737
9945
7399
21682
14577
29596
22414
18939
23565
31549
7454
27433
31224
15293
5955
32503
18185
31732
2833
26461
22156
18278
17012
2209
21039
23061
30176
29916
22963
16595
12677
20790
27990
799
9612
21064
7830
24073
24029
8883
15726
18260
3751
10375
29680
16943
19013
21805
22640
16379
20757
3001
22274
32486
27126
14546
3372
31547
32612
19892
5299
12431
18957
17200
17082
24750
29664
7050
13912
271
16984
25963
8782
32684
15198
28070
1862
12998
15488
10853
8150
19320
28014
9423
21064
5105
28920
30001
6427
24985
22216
5614
697
749
17552
3397
27121
726
3344
16275
31707
12296
5989
8837
3652
15711
20615
30817
28129
31004
23175
8769
10751
22811
6647
30336
11029
19755
5771
21208
7142
20421
23250
13192
25381
27354
24922
13722
18377
5135
15492
16545
18153
13493
11225
1969
12033
10732
25200
22915
26249
20627
12490
15944
2597
14987
15314
4378
30209
29000
28347
1678
7234
24511
20146
21688
10162
26483
2677
19721
17502
14864
19359
31525
4002
2580
32009
31511
25721
1968
25077
24780
5364
30070
22047
15679
5889
39
12867
7430
10570
26884
12358
30933
4284
26521
3985
22300
3838
27046
15199
3896
29101
23954
27478
11840
18712
1792
20041
16716
6611
10171
17210
18491
23185
8581
30522
12687
32358
9218
13731
1923
19047
20627
950
17995
11500
3891
236
13374
271
10829
29013
24258
12920
1642
27400
32310
21085
11761
22994
6516
19552
22499
18249
18467
11507
9744
5213
7226
17983
478
20520
19066
17923
17376
26641
21964
31689
3849
30225
8772
20391
10188
3977
4791
28116
9944
2910
31496
26806
25362
1991
15679
5114
24808
15224
3386
11977
18471
9909
25315
21482
1206
30977
1412
19719
13684
318
13904
556
15811
30255
16311
25015
36
29561
19396
25485
32293
25927
23889
12763
21833
24987
17993
12434
30752
14802
25930
419
8841
3148
7418
9618
26767
18769
8962
13834
26841
11422
30302
26548
2873
719
7736
18504
4596
23641
11374
10295
25056
24525
21604
9792
20913
31371
24282
29151
6717
28502
18629
9796
26479
22203
18383
5899
12740
2794
21014
28273
1877
11413
4210
27846
22939
5516
27072
23322
18117
21716
24059
25994
8814
7080
374
9813
15634
4567
29761
5625
22107
19896
18066
30925
10064
20589
28661
25645
2784
21562
22133
23753
19370
23352
24514
30622
31402
24457
25212
29215
5135
11090
21587
19288
22357
12876
20501
27734
20140
21176
22798
32371
27770
28213
1844
13444
5032
6166
32579
19407
17629
23539
19582
14309
26398
5247
30454
24012
9477
14835
21800
28740
10626
19174
7658
9063
30745
24111
5756
20586
713
11234
9193
22870
18506
11681
27043
5563
109
10686
7372
14408
18176
32079
5508
11383
23372
1663
13447
18352
7821
3064
32225
24135
17386
4152
8243
6573
20465
7807
19898
18497
16726
13635
29095
19449
1615
346
22794
19503
23602
30640
5308
6952
9641
18578
14300
1874
13821
10247
2166
7149
10363
23222
13015
30462
25449
15393
14939
26624
3615
28802
13016
19540
22662
31245
3563
1863
30463
10734
26518
25603
18718
6373
2391
291
30157
13221
25904
31801
10929
2401
31527
4395
31688
25881
3044
27882
7685
345
12944
20426
6116
18332
5594
21191
14800
13428
22916
10064
8437
2887
5900
13341
499
16822
18441
8696
30531
8517
2362
30570
9320
19809
21806
27615
19531
29095
26917
14080
7783
19250
25465
26600
28649
23021
10600
18067
4832
27563
25168
5297
3785
30662
2891
15972
25311
27628
3972
19596
15387
25121
6303
9055
29380
16954
16305
11852
16256
10343
22545
3156
1050
32438
7092
8015
6657
24087
25600
25712
8990
16792
6271
31013
9053
20766
14692
8755
3859
21034
27603
17095
26435
2775
313
30727
22917
26343
4743
5189
27255
30756
10663
28133
7083
10549
9899
19278
3407
25629
29079
9688
16516
24068
8821
23921
29486
716
28919
7725
31306
20965
25761
17756
14592
25380
826
3184
11056
13606
3781
22206
2250
24612
31250
29666
14899
12434
25533
17243
15316
785
30270
1890
26916
23517
14933
20895
20406
25545
27635
25282
30377
28886
17254
11670
11278
8464
28940
6882
2734
35
13836
7238
2681
12911
20818
903
26274
13019
790
30130
18549
13245
32131
31712
31430
5661
29506
6698
25542
10428
91
3863
23932
5735
25543
24898
29194
12864
19837
1101
10900
6726
5037
425
23506
24734
28902
19462
27869
17442
17074
22534
8011
14373
11695
24933
32262
3466
6333
18325
25763
25818
23203
14860
5615
16443
1587
14274
27716
4513
15051
16395
24697
23890
23428
1960
28727
29190
3386
430
30908
13669
19389
9108
5914
23412
15740
19720
30647
14587
5988
31827
27481
24895
7107
19374
12536
7505
31239
1778
11710
17331
29341
28806
5608
31175
6354
19412
4285
11338
2044
26355
4345
8950
4985
3584
22227
4046
17515
8169
16709
27570
10647
17525
10915
1216
13531
17227
9185
17289
32658
9258
26517
15843
16584
12030
25109
31240
25284
32096
18256
10088
25929
24616
454
8356
7264
4814
25000
8114
8420
32037
16815
30872
32465
9384
20270
7444
19537
13434
27901
6671
11333
3209
14649
31821
20014
23232
20467
10052
15121
11767
424
4162
12636
19497
14716
11431
10377
4385
20891
20767
9576
10787
8573
19411
15393
26082
12860
22046
4735
6528
26571
28647
32217
29366
10897
28244
254
29999
285
19209
23831
28050
16727
3184
27276
12815
20263
17911
13102
19853
7975
835
28724
3177
32263
16228
1302
16466
1684
13655
32540
19063
6394
266
3464
1081
2692
9739
29683
31626
24711
26444
26461
11674
7005
21720
21646
27747
6061
2172
22131
26830
26336
16596
17337
26464
31408
5110
6777
11475
2840
12629
7481
18864
3151
28578
19195
17250
11702
22914
1170
17996
24140
2954
25268
14370
31927
31226
17248
8740
6453
10623
3918
30846
19711
9173
20049
85
28351
3258
19028
31132
18510
18916
15136
23383
23926
7416
6810
20704
16098
13432
29015
11890
7383
14860
14882
20308
27746
24842
12778
7469
13649
9073
4237
28077
18433
5584
26525
5047
30786
23908
30351
19370
10363
20389
1185
8075
4959
30295
5762
542
10947
10911
31962
9236
21630
20231
3981
11772
8920
26149
24642
13822
1027
12843
30188
13303
17285
3457
24722
27866
5994
22819
16622
32745
14448
31021
21545
28906
18827
32342
26724
21341
18340
878
31870
31848
20416
25593
19432
12292
4208
30005
8861
13314
18251
11261
3837
24466
6347
23900
28435
3035
3577
3031
6291
10907
19695
15703
28608
26183
23913
24257
30265
16354
15981
7397
18173
12203
15910
31249
12783
6244
4112
12529
30350
5413
977
19024
9699
1749
12859
24790
11730
23138
11360
4913
11025
4841
8056
7708
27426
13427
11041
10430
6470
27364
28192
9275
18587
124
2078
12326
15877
5420
12805
1205
22608
10072
13831
12142
4945
22652
23459
24002
2789
26055
5672
27781
11405
10849
1877
7199
27233
16342
20307
8843
3531
23647
4152
4701
26059
15422
24201
20463
31361
28552
31891
15855
13741
8818
12775
29332
6190
15353
9997
8525
29750
23184
17777
12209
13526
7973
29988
11387
28137
12225
24305
28248
6184
5121
9077
7947
12289
18206
9586
9543
10614
14953
32499
24536
654
23337
7761
32416
2031
10729
8970
7243
19785
12909
13289
11907
25622
7977
25406
21089
13057
23343
14976
24194
29302
24864
15881
27987
9808
32675
20608
16193
8052
6140
25915
15622
13175
31973
18209
6156
26129
8677
24864
7658
3110
26695
12474
14662
18608
24907
12787
4968
17991
13368
29156
21361
20747
18025
14028
11593
12824
28576
16984
22705
2635
1043
10286
1602
5910
22768
16267
28521
31964
6413
21952
28601
13243
30334
1364
31543
12801
15291
14659
394
18808
2445
11141
18131
6473
19931
2019
7368
11178
24546
14964
26359
2451
18321
13542
8764
21732
26745
2603
20925
875
9690
26771
12527
28260
13681
13068
12976
1321
29550
1348
25734
23304
10257
11823
18259
22795
2356
22510
28025
17745
2117
3220
1787
2828
41
18549
13902
23505
10401
3392
1864
14285
20926
22058
10388
26758
28941
14295
14624
9310
20369
30259
17531
10248
18929
14705
31764
9564
25991
20800
30870
26860
788
28935
16077
18644
3572
15449
10429
28379
4277
8657
21643
19795
20151
1744
6798
1207
15208
24979
12758
4073
13779
22809
9020
22038
23821
24478
14143
15613
25499
4427
12298
3389
19197
32372
10783
5581
32289
29649
16983
1988
30531
6930
23646
32125
25606
7948
2921
19318
24398
11923
4513
5516
17392
2654
24288
27223
16397
20209
21759
27036
10721
6078
31398
26452
25663
10371
28579
4351
11801
12816
1646
26272
22987
30151
11126
6337
26165
27919
18359
27828
22426
29423
23567
3466
199
14367
7148
26019
32156
12703
31399
13615
20873
14776
7967
24148
14096
19812
1910
11791
5374
30625
11179
5183
22079
25670
26211
7768
31851
6405
18488
9199
19914
17209
28890
6306
27265
23431
7607
1753
25153
25075
24588
1924
9085
13648
25097
25036
28644
12391
23985
17245
16939
16529
3561
31381
31899
19087
7630
24704
20623
31664
7830
17887
1372
2317
27484
6930
26833
19676
22570
29090
25808
19508
12059
20176
24712
19561
10194
28451
4835
15021
28447
6587
1226
16070
1096
27328
1848
10870
32634
27880
6164
9067
6810
21039
22094
16295
8470
24746
27620
1144
2886
26829
11788
24981
10026
31509
22002
8460
16609
12825
20954
2016
10025
21075
30310
22939
28429
7326
2163
139
527
25873
322
17515
29265
18596
15241
28317
20775
13295
26261
29011
11463
24024
14108
24919
29321
8508
5806
6612
95
12560
25888
14653
3452
3183
1179
31924
15243
27870
15499
3280
30677
2393
32605
26646
14080
5433
5740
13434
24313
19508
5262
6771
14257
2464
10337
11633
7537
4885
3830
5433
10317
11780
9731
16390
1827
20582
5947
26555
24782
20421
24317
23964
27798
9109
19826
16644
10272
29911
823
24971
10031
23046
32420
29971
26905
13435
13816
23969
6343
24905
17704
4844
26577
119
12051
22421
19261
27585
27473
23111
2154
8325
22339
5299
4812
19360
16082
848
7887
20573
17026
11594
3672
25965
30986
13356
557
10696
16760
21760
17973
24889
1712
11988
2664
27448
25936
12273
17612
27151
20927
8643
13815
10008
17677
3851
17839
11959
3633
32401
10824
4801
25426
24763
27851
20112
956
29805
28266
4310
2392
6869
24021
30290
23192
30060
13687
23614
5350
13358
29660
7688
19773
9209
31935
8127
22128
30602
20887
25804
19899
24394
15891
2349
15237
21027
14867
29346
17941
12276
27944
10890
5908
30220
11438
792
31187
15714
14974
23672
7767
4690
928
13256
21144
7524
18276
12659
20653
18013
12794
17272
21808
7465
7635
20598
16752
27722
3329
7023
16472
30625
9180
7069
32673
32164
15649
3509
13119
15781
15946
5036
11781
7628
32757
26429
8487
9540
20845
2269
6320
30491
22927
23781
31826
14921
14204
30639
9297
1362
8683
27825
9733
14984
2456
3741
13875
32158
23367
26326
15271
8106
10222
16844
2360
30213
6750
27626
3970
31540
24010
12126
8529
3586
20631
17748
11844
5664
12047
10829
19596
17733
26583
31412
2964
19194
3871
25154
8467
11175
553
6489
22231
1347
6110
5785
28919
17544
4675
16410
4056
19696
24107
31842
23548
10441
30288
18326
328
27783
23956
20864
19169
6613
6394
7028
31718
26598
30613
5658
17886
8173
11256
25475
1672
165
3507
7642
3922
10136
6582
8148
20656
6193
1064
3496
19820
19262
32318
16378
5148
29903
203
25967
13669
8981
22456
5992
30809
19308
30286
19086
1368
8481
17217
765
23817
21540
14666
19289
26771
22427
20174
1630
21950
26531
17098
31625
8382
21774
21661
21093
12813
10239
9267
27898
23052
7698
23417
1932
13407
8703
18787
8736
6753
155
24540
14355
11050
28837
16269
24695
26348
25885
2923
27925
8588
6322
32706
20900
3019
32018
22984
14324
7998
17724
6062
25828
32245
11958
19962
720
24981
9735
26140
26706
4880
11430
3004
9531
7501
32238
22984
1102
22343
18117
616
14435
10625
30562
1961
7093
24098
15204
25141
18534
24549
2646
28459
16818
11182
19875
19104
4153
14022
8949
14250
15084
32250
19358
20114
31249
5017
31564
29003
17664
21913
21074
13918
6528
27598
22384
5980
25885
2141
26001
13810
25188
19359
1024
21401
3886
17259
18300
31006
27537
18732
12381
32097
10126
9002
18029
23856
16224
28934
27689
11768
14678
4221
22447
27131
6059
10465
3392
3724
20024
26202
23633
346
4801
4746
30176
2045
17904
17881
25225
11719
3238
12726
29294
15957
4407
2960
16658
12626
21920
15094
8826
19178
29829
7285
32755
32035
9916
19590
8152
16204
29874
5012
2107
12046
1261
14723
30442
13416
17828
19629
17672
12812
30668
19832
13517
21945
6712
30516
19705
6260
9098
22742
27235
17241
25199
12483
7813
28567
28499
3724
15612
26985
9413
12901
13729
5603
18525
28634
30508
2920
2
10432
5604
19981
4588
17198
22299
21323
7389
14138
7872
7304
16882
11659
14914
30790
27382
31319
14735
10317
2923
20953
21967
18791
16763
13959
4082
5351
3992
4028
15961
26343
29156
21535
6893
3843
25193
5514
16468
29801
27040
9626
19867
6447
1194
30680
23723
3349
7283
30249
7141
9888
6209
5924
3158
616
21918
6628
7509
3104
25105
10079
2777
101
13004
9300
17068
28836
19305
1694
14964
21153
8268
1241
6276
22637
14699
31182
5318
31438
18514
11602
7303
9132
4991
10050
2425
2522
25894
23407
11280
2376
9353
27987
9544
29748
20390
15090
3072
10364
15599
9263
25056
1511
22907
24486
12976
24878
27973
7589
27017
29774
20080
26229
26535
14566
16752
19442
17552
8261
14477
2527
13166
14003
17321
18887
27922
4130
18423
19541
11816
6496
16990
27724
15447
20175
10623
5700
28374
17934
32148
9130
10846
23960
27901
10882
6433
4500
15801
299
30167
5951
19112
11592
3893
15179
27190
18940
1955
14255
4137
20373
23623
26831
6130
24690
3283
10672
946
21388
20981
28163
24308
12525
22743
21865
3365
11548
11485
11820
30755
25796
8780
24555
28497
31611
6651
30795
20096
1054
10964
27301
16693
14558
9015
14749
19627
9230
27751
7468
1075
3627
18218
22922
16963
26885
8486
3139
23463
22007
6648
4122
30025
19209
28366
18863
12065
16062
22607
26492
13574
18143
1297
29850
30920
27078
5730
12008
7856
4075
20710
20124
7324
8333
18434
13438
29201
1828
5980
21650
3716
7812
6241
23464
4480
7554
7828
18885
28757
5642
11243
30821
23494
20294
18675
9516
5317
19365
950
31677
29228
21714
32497
17703
15757
5268
10422
6669
8529
29031
22925
32350
2149
17601
6784
606
9663
29871
19343
14428
22130
6595
31001
7344
6523
11191
6648
4834
2136
4803
2570
17613
6517
2819
7155
17540
3988
5093
30784
21979
30009
7729
20401
15635
19986
15932
6097
18193
23087
8306
14885
12104
21150
11480
15124
15562
20266
9471
1711
9357
29432
19459
13668
25592
22056
9567
17146
23610
9063
23744
29024
29686
30745
293
31981
314
12125
14817
5738
19729
20390
15740
17762
25421
5050
27776
27073
9969
20353
25023
27606
30703
18815
23879
15231
14217
13199
5379
10639
13212
31336
30155
16531
10089
3222
3610
5448
18295
6985
4416
12133
25865
24060
29973
22385
5434
19407
19164
31851
29342
14999
13681
20672
16103
24186
28777
19324
30317
19138
21361
16359
6606
17440
25144
26524
30091
22250
22129
22200
10019
11808
28626
826
7706
28664
24886
31189
16225
6389
11005
1773
20256
27172
1805
5489
25203
3670
25114
21527
3471
18718
28484
4972
19180
5660
26008
5259
2572
25857
19347
24037
2910
4559
28044
15841
10030
2382
2262
16534
5551
20458
11379
571
10200
3065
25913
22968
26150
10123
21326
29690
30649
20902
17749
7287
3892
15948
19558
6250
11974
42
4937
25260
13515
21222
22448
14164
15749
3850
13025
4508
29090
6833
7331
27678
21444
3514
3205
18308
30415
13941
32149
4714
16095
22204
30042
13567
7509
5075
12156
20424
29285
8316
21636
23842
7815
29959
27350
16324
4347
31205
28503
25678
28774
4311
19456
24053
23304
16521
1302
15126
25115
12416
17895
28605
4371
6554
1231
23242
10216
16347
31303
5610
3763
15400
4063
19685
32465
10356
13431
15812
26134
21736
4742
19555
19689
32437
26297
6913
7787
23907
23660
1091
2772
11717
6700
1284
27898
22997
22650
24519
17429
26171
24624
11948
31226
26174
5779
17333
23748
581
12383
29337
26499
5396
3914
29098
11384
21877
5349
6232
24022
15529
20761
24414
17587
31857
12535
21148
12820
1040
2134
28817
26055
15721
5113
24334
17580
17743
4437
8991
26629
27833
6914
20863
1710
16509
27906
22591
25321
23828
9106
3255
2766
5280
22039
15371
13866
14400
19638
27301
9276
7861
13553
27186
14342
25004
8833
25606
3325
28096
9581
21582
5534
31473
3114
20857
13261
1061
14380
32160
26359
14175
2365
13821
12306
5996
31893
26809
9727
13779
21327
12499
17714
3446
31152
16528
22929
32004
27518
21445
20051
30064
16420
19857
10566
29733
22112
1502
2243
25694
12943
7723
15149
21293
30685
707
10104
1793
4443
11785
8024
10246
29165
17652
15917
9544
28302
28857
19729
25089
1371
25074
32706
21185
16177
31648
5866
13339
30987
29542
24951
27693
9740
6643
23580
29046
7901
26211
11601
26354
23495
2963
15961
31220
19889
16870
9084
26784
5033
29813
27217
14674
24555
3924
12657
10704
18462
23695
3013
22687
20777
3453
16071
15319
30137
30394
2230
8746
10725
9258
3733
32326
23268
22920
10790
19549
4077
27039
6803
1079
24909
19390
27291
2560
12327
10356
8722
30232
28226
403
13342
20653
22070
10428
6662
16732
19841
5483
28654
4950
10326
30908
7117
21944
26423
6913
32073
27990
18508
8614
24336
27675
3595
7567
25040
28341
19431
423
22647
8420
13139
15445
11298
5435
30700
19276
17733
20864
26132
27766
4799
30851
6447
6898
11033
12659
15766
31641
18855
16063
8292
24299
24602
5982
27490
11081
2819
7076
20547
4209
16884
8154
18824
9336
3570
11843
25809
11167
31055
24767
26322
2556
16931
23816
31957
13211
18429
20427
29118
14639
30254
29305
13458
9736
7375
1354
23289
18459
8139
29503
31426
11636
21095
4428
21702
23778
12735
4814
14301
20403
5194
18115
32662
6024
11024
23896
1699
25371
8948
28782
26483
29154
32109
17549
25097
26557
29270
3857
17277
27394
30963
15695
25443
6074
23014
24569
12187
12400
21036
32565
11832
15130
22679
23774
6986
29600
12487
7601
5806
21542
15573
31036
3521
16119
26686
26197
4766
7029
20058
13893
9735
24502
18075
11211
16115
25381
18992
23197
12977
11664
7059
28528
17076
26613
19460
26585
6811
24824
1326
15605
15590
28405
15123
12006
14825
18167
16128
28492
12197
5869
30186
9779
11535
29005
8421
29265
27215
10441
113
13314
5892
26238
257
10292
6752
17173
28895
31446
5700
3645
32568
22830
1408
16986
21751
19861
12558
25561
29171
16559
22071
730
31068
16338
12957
10149
25754
4705
31079
13435
12649
11995
30964
11816
32182
3358
26382
27788
8140
25109
1208
548
25463
14311
28467
21230
20420
4674
32409
17219
11373
29386
32307
2367
10041
11626
25027
3769
18499
22662
31705
2868
20080
24510
3670
20383
5878
14894
27926
29885
381
24684
5089
26637
28857
20174
3777
25319
32172
28902
24893
5346
15564
14339
1112
23110
19935
10396
28256
3494
24978
27359
8207
27875
27460
3594
1366
5913
10754
14182
22974
8454
23532
14815
2761
15419
2806
14713
27728
19252
30618
21195
14918
141
31164
31177
13095
5653
30510
17259
21306
14338
25531
16140
28741
31530
20476
29174
7366
12913
24771
30260
30405
16702
31616
22459
28989
1410
14186
21088
20370
13208
27143
19166
31163
2914
28937
13801
569
10322
19536
24396
14956
19473
7944
31630
25734
28228
3330
16194
18254
29233
17242
1234
13616
12816
1231
3446
29089
9269
28014
4469
23834
4187
4521
14773
18400
54
1581
6641
18304
29924
31771
11340
32709
9954
28947
29623
8577
30642
32482
22712
23690
7132
12692
17519
5742
15085
31282
13371
14070
938
26979
3975
15223
14511
3353
16283
2158
11429
12324
21606
15686
4706
8524
12329
11323
8945
8818
17510
11331
5714
2205
8318
22435
14602
29750
23355
22047
20583
23212
6467
20244
28423
22873
16439
32309
26491
6478
29592
14429
2025
8984
7395
14756
5889
3546
5634
4244
11899
13513
21103
9146
19849
6150
1539
2341
4457
9060
7781
6775
17637
22900
3646
18690
20927
5747
7485
25091
30173
21058
9052
6035
1617
1740
23358
804
1497
10682
16261
32062
6039
31519
30880
32290
11708
12304
12529
25858
4892
27754
28340
11307
25043
11761
24974
26284
20492
30287
1729
4831
19092
26602
217
32255
18623
14038
16701
16814
10625
11320
24818
3538
10463
6763
10866
27519
3636
6917
12318
18458
30112
6940
650
27976
13278
23103
15084
31195
14559
1754
2195
11426
5412
11258
22598
1419
10373
22846
10495
8218
14858
7908
19771
31352
4035
1621
25550
1753
21244
19765
9924
12979
25346
19748
20243
4925
22274
30134
20522
17796
9214
15963
4571
6813
31859
7580
14570
26570
15504
26315
28803
31849
2418
18626
30341
28535
10640
21334
24840
30829
31266
1517
17556
432
26602
28688
30709
21153
9397
15134
20742
1464
9446
15297
12905
11747
28366
22160
18007
10086
18175
19557
18760
13314
6660
20475
9509
16796
10196
2880
24032
15748
32355
19063
6524
27175
31235
893
23852
17318
26362
27146
27416
20676
20531
7202
11278
7388
26840
30621
4222
32013
14763
25383
29052
12681
23895
15380
26584
27386
30310
17728
13578
19341
21997
25307
13838
32247
16888
8829
24167
31319
15817
4628
7617
7396
28921
4696
30991
28750
13003
22870
24038
694
16348
20614
12810
30560
3882
19275
526
3566
15021
23487
4216
28668
24190
25635
30944
5455
13410
23728
31310
28654
8017
16616
32207
22045
18541
18293
28330
6580
7838
16117
31055
31539
6229
19403
20712
32063
26592
21735
21761
4073
12754
6639
20709
11969
10547
166
16003
13499
32408
1212
9322
1147
28813
28585
24571
591
24366
4933
25321
849
2466
18169
24902
29052
11296
5311
22590
6006
27103
3521
13304
6133
1018
15082
3083
17533
3582
24800
15390
9735
13331
29396
30471
4937
31669
30684
16105
23849
28961
30394
29609
8630
25974
21867
2489
32674
5294
23435
8975
29319
19506
10779
4352
18650
12151
52
31812
10359
21730
24907
20755
25153
22780
24584
29566
9040
7054
17010
26504
12867
1111
3274
31119
25534
868
24819
19102
7082
4515
11451
31152
17203
9890
32661
12546
16256
18657
28837
10146
18089
7806
14265
11041
20956
5438
21481
5079
23406
24479
31131
2154
3183
31276
268
27386
308
23010
20977
31671
22840
4029
32331
8374
14559
21990
11188
30770
25160
4579
984
5279
29927
6522
20225
1254
21397
9461
6639
16401
26001
21747
19665
2107
10995
24037
15318
15187
2089
26588
23466
6355
9035
22776
8084
26391
23324
15046
24202
27215
15682
23431
22605
25493
27318
29
18898
14707
19253
15131
1887
13392
7411
13298
2566
13337
3727
31484
30740
5593
8879
23497
2133
9256
24588
22408
20225
30198
13912
6992
23892
30835
3671
7485
23829
24737
2112
23514
31764
25237
19450
22886
29040
11686
16246
31710
20609
2933
30495
26785
30489
15801
31801
16992
24842
7457
2684
3844
6683
9000
29218
15756
2794
25154
4778
1258
28794
1875
9469
3088
13192
942
17185
1422
2680
5795
28059
8084
20860
23094
18467
18761
3499
31681
1861
30659
23367
12363
20581
26359
6168
30680
13147
15854
1926
6281
29395
13924
2278
26210
29904
9299
1415
15437
7153
11171
273
15454
28972
17363
10991
23263
13084
12234
6304
27874
17501
3367
20323
13759
12388
19357
26789
29637
19688
17134
17959
31935
6827
29827
25249
24245
6237
23041
9021
10476
23534
16604
21944
17436
23994
9879
12373
26297
9048
5184
12724
17228
25814
22966
31358
2437
16464
7702
31886
10260
23062
10162
26651
31977
397
1070
11490
18715
22355
13788
21604
10856
12730
31583
22296
11170
21845
1898
5840
22929
27817
27122
20301
28025
27148
29412
12039
15126
32672
4582
14972
32738
3933
27277
6789
15013
25571
7374
27657
25383
16671
4496
12160
7108
13349
4689
24643
32410
713
13805
11190
29757
29763
31010
17957
30579
21584
10173
10660
6506
8587
29474
28089
15094
17917
11035
19916
14818
17454
21065
30808
32582
31056
16001
9612
13910
4060
28829
4802
8577
27275
9657
28248
743
19075
3608
32111
23530
11025
7897
5776
1660
31016
32612
10828
2953
8679
1581
13096
20572
340
3628
5340
20934
16739
8718
5018
11513
14726
24254
24668
31855
31258
20
23165
31260
26186
16628
11960
28577
24533
25257
27338
10347
12552
18037
1072
14270
30957
13932
4133
8371
26110
18745
5056
23275
21825
18813
32676
3329
32177
17706
9155
10935
31285
24764
12060
679
27351
5648
14923
18769
9354
567
3841
25887
12937
23689
27221
9523
5345
31829
32143
27245
18654
1201
9622
17735
5312
1263
11373
29221
13341
7143
12923
25738
31884
28355
1787
29622
31458
16243
20581
14329
28905
8068
19076
29671
29566
12313
1051
10152
18365
3307
19988
17379
9832
20947
16775
12925
29298
27094
12506
22293
16851
13258
18146
17389
16068
28495
27836
32405
15421
5900
14097
6005
9983
1289
15123
2631
2903
13168
17584
18453
10458
15177
704
20261
21404
31677
32490
31289
1541
936
26636
17713
25317
1363
19328
3745
7522
15824
25419
10779
9584
10966
32316
27532
681
24262
16857
20871
10419
10052
9440
13189
2892
21321
32539
32510
8838
15033
28292
28905
30016
94
30046
14851
30344
4718
16301
8456
19187
30039
18931
4041
6924
29969
27789
27622
1125
19502
12256
14426
21998
20088
19861
12276
2900
23736
32447
20631
5478
6522
24491
5550
4834
30595
25742
29052
12474
18947
22802
22303
29248
7370
18875
18695
13043
12259
9375
8300
12946
20174
4125
8830
11083
8856
23750
9528
10306
21529
27497
2736
678
5416
15803
688
10148
20909
5
9736
4360
26693
18683
4293
18661
1151
31116
9842
16859
26874
19509
32316
12812
24633
32601
32665
26132
1988
30992
14855
25847
23463
20690
16163
19047
27216
24933
2370
29735
1315
30950
5653
24848
5647
28989
14505
9127
28630
4325
20620
24912
28547
16348
22301
1347
18719
16220
23902
32324
23247
2199
5453
11227
23005
569
11969
15185
32686
12000
18292
20227
4353
4372
32187
20778
23857
25179
5982
19099
13820
22278
6017
15828
25686
7058
26060
32639
4370
30178
1891
19710
4631
22381
31638
26064
6336
5132
21260
27334
6554
8082
24291
10091
11047
27264
21820
29876
11170
17285
30194
8152
17185
21270
2506
823
19792
29508
8317
18021
22291
30812
11272
24532
11159
2311
30657
30365
26301
20555
11335
2371
26950
4029
24994
31439
18875
22636
28533
16932
26914
26876
11792
19574
30109
22827
22894
30480
3788
18553
20274
8369
8904
10068
10696
16286
23389
30980
20734
1021
31071
6222
31933
4294
32662
6853
15288
27710
13404
22215
31102
30361
29457
12311
29731
468
17026
16071
20654
29678
16983
32466
27048
22229
26560
16385
11526
10561
17782
6220
22144
7351
27105
31839
30805
28916
20882
4961
25768
8147
990
11313
6355
32112
28903
30198
13661
14349
32490
30230
17462
28423
21972
4795
1090
21405
17067
8570
2572
27929
17934
25564
14435
14129
8684
21331
6943
15301
10562
19165
18780
21472
23740
1340
26822
21356
32763
2713
31135
429
15110
13970
25973
16795
21401
12801
14349
5817
30083
16167
22537
28965
23311
1592
28614
32766
7806
176
25638
14377
12660
31336
24781
4264
19607
2779
31874
28721
24196
19760
15682
28857
16492
11933
1175
7359
28746
23747
21283
21512
13779
25514
32733
10115
15921
14463
14779
26122
26245
23337
12627
1649
14044
22030
2125
6244
10565
17393
24056
3138
3845
22561
5693
22412
29048
9937
6152
26841
19321
5148
22888
1740
23596
31460
16116
16209
12173
31248
26039
8830
21304
14606
28302
28655
22519
27442
23208
28805
667
15770
6244
10540
25285
14432
19881
14383
14728
20002
27331
32595
20907
32376
14278
32309
26332
16801
22026
20270
6991
9847
360
28683
11032
21755
562
18742
10933
30904
14560
10987
26934
13341
30994
18429
28744
25907
15825
13294
2248
15600
35
15948
9930
24118
30120
14442
30720
5478
5550
11493
5925
10557
9130
4890
20793
5317
23729
4734
19374
26999
22846
19080
144
11928
12750
3856
16102
4255
24947
30936
20872
29962
4716
6281
27387
20171
14269
917
28766
1714
23950
20946
221
20651
18696
31485
8404
28339
25699
22516
31810
3416
14131
17786
1193
11770
17107
1067
24166
8694
27014
12219
24309
29547
21178
23794
15199
10176
32291
32577
8618
25082
14536
2728
21325
3949
31503
16688
32549
7985
10138
14103
7530
16165
16406
11920
8249
14916
8894
16040
18280
15859
25653
5078
5726
13120
25020
8748
19366
22583
23111
7317
20837
1287
20429
28915
3771
22514
9440
6374
24071
31144
9275
25177
28418
11212
12822
30760
10541
6625
15259
6917
7908
16645
25370
26394
710
13521
12417
8799
19661
1253
11767
21305
31324
26612
25737
2927
30594
21548
23514
6922
26672
26885
26939
17201
2337
11881
19756
19827
27485
22244
28213
2736
29449
4878
12233
31414
4335
5216
26536
6242
9784
20507
22619
880
31935
7497
24576
30240
21344
27653
2047
8189
28576
13075
26016
4722
9388
28694
22052
4139
14379
21647
9216
20867
8237
3150
30302
17757
7713
12541
20541
12102
21537
4133
7286
12844
11847
2105
3437
15358
18855
13088
22210
7570
10701
4854
11478
23420
20088
24124
1928
8892
10622
23355
19894
7762
21171
12152
16518
15927
23313
24691
20098
4158
10297
28941
21472
26030
13444
28274
15732
17883
31143
31605
30057
7190
11944
22911
28243
16768
1654
24359
11169
30794
7300
26958
21346
858
18198
8412
30702
26745
13943
27687
20553
14045
6092
3298
1122
25516
27787
23324
11523
30655
27389
15085
20457
2178
18780
31061
6077
20811
21767
28976
10543
5737
1955
8660
16315
11010
26530
31744
12238
14029
32359
26060
25187
5616
1727
17023
16930
2071
24728
28583
5212
24791
3940
15948
9996
22046
28356
25312
12827
21582
10056
16313
14394
15497
7279
5199
773
2683
16949
26448
24504
26545
20265
27118
23455
18067
11307
5581
26294
2538
15999
21469
31614
26920
219
27485
17979
28227
11291
23345
3232
6757
13715
29380
24339
4201
555
10703
11412
20244
24446
30853
10811
22885
6125
26135
12524
9344
6961
32487
8486
28202
13111
32719
4665
2249
27840
1200
574
24790
21323
13213
25762
25976
20514
6289
4518
29013
20847
11020
25105
5419
25561
4692
26432
27446
19482
32284
8503
28751
7122
21162
13697
24105
31036
6095
24139
27034
8875
17374
29749
26180
6198
12947
8530
24968
23732
29195
25390
5702
10117
23671
20403
18294
25105
27127
31126
4995
19740
6060
17751
3017
28208
28224
23489
11525
17961
22713
31318
17894
11680
5424
8886
31570
6641
28879
24326
19643
10670
4013
28405
23629
6939
12116
2031
10352
10086
24512
25036
27014
6305
11434
29078
23449
19034
1509
13588
22486
24240
10162
27002
5985
6272
12561
7922
17866
4369
15252
9679
28199
25767
18490
3373
23091
29789
24484
21393
8069
4205
13158
18852
24048
23806
19516
20187
11601
32406
288
12322
20650
8506
1434
25158
15878
6965
29686
18312
1867
7536
21338
26685
10185
14815
7884
10895
18637
11840
15403
31265
25943
201
14380
9797
18205
27909
13937
27988
32363
28743
28593
7600
21529
28403
13497
10075
6562
4936
31029
12360
1001
30031
25003
29340
11613
28765
5589
9472
28731
3504
15563
31842
25338
10514
9629
15681
6310
31590
1817
14207
12930
13878
21500
7252
9014
2965
1409
31140
16298
31951
6597
8828
22467
32499
18842
24560
16988
24421
781
31100
29160
26154
5293
15952
8661
27612
3333
8077
11196
29535
14946
16091
16434
16139
4333
27959
29109
28312
3374
31245
9326
31917
29244
3713
5067
7608
24833
21050
7268
14013
32080
23861
7989
28670
23704
16253
1019
4187
2738
28462
27450
238
23515
25541
14988
25128
26925
13971
16655
26271
5943
17175
17793
30464
16043
5493
27326
15190
19902
13237
676
4438
18228
22028
32686
10817
12445
24350
126
28831
8738
15602
2900
4463
20976
11051
26076
30928
19620
23073
22538
6221
8535
4896
19320
26401
29979
29011
8076
25449
21701
9355
23050
29609
31228
25992
29290
25022
21138
18153
6814
18757
2460
9279
30722
6422
15379
14692
1111
7844
18299
13083
26080
2336
25519
13437
15416
12240
12255
12502
24357
10037
11605
723
7789
24531
15343
28464
5452
25656
18559
14299
24674
26576
14583
8282
20355
26562
5851
9285
1210
4363
16744
25571
27899
11847
30544
331
11864
15679
11600
2774
6947
14676
32224
19778
31675
29606
23039
18047
30995
1452
1751
22188
31048
15821
1395
5054
24192
26355
4873
3586
30916
15401
21170
31471
13087
1041
5938
12257
31317
430
9528
7245
16070
5846
5796
12392
14729
29841
13529
17973
6849
4452
783
29482
4172
13062
3271
1943
4649
3833
13257
32258
26682
32152
11985
22833
26310
6882
5446
432
31081
14616
3124
29079
4329
719
11839
25385
18304
24499
806
140
11055
17935
11924
19041
17070
2001
22730
30791
14116
15854
30972
14642
10100
31223
2757
15831
8132
9105
25331
4669
7197
2947
28514
26074
3355
1651
9394
51
21456
13947
1750
3009
29296
17655
29244
5124
28689
18765
8221
30400
30646
8753
3037
7111
30281
29602
18097
15314
8089
8968
16188
17449
6329
18356
15847
25797
2649
10366
2729
1199
21967
25971
1425
11554
16176
16872
3382
6029
32234
12651
18090
5943
25923
26972
21287
28842
32413
13357
11259
13052
30198
4393
30320
30356
7342
12795
3942
18750
10918
20308
23638
17130
19421
21392
15905
18046
15550
14552
7672
12787
3479
3399
28661
28980
15428
26018
16486
9741
23509
14214
853
27056
25232
13890
24264
30604
22868
16387
11482
17828
25618
31020
25404
13648
23600
3589
5292
22805
16461
22297
31606
21297
24080
2947
28028
8799
23563
32476
20554
20840
13472
20292
14029
32093
12799
6748
18062
18779
15034
23966
2638
10626
19522
15316
3991
13408
20821
28356
12245
28949
25869
25868
11247
12253
10306
21971
19998
24480
24036
21496
31716
4126
22036
24415
13458
14900
19886
13070
5652
9794
25318
3168
7250
10123
24593
18545
19383
12515
15188
17808
13767
17837
5039
7981
26161
27737
26811
6061
15081
16332
14977
16366
26627
20341
24619
30644
28221
1279
17818
12791
6395
12482
16831
842
16556
2172
12118
26028
14362
1750
3261
10722
1783
6691
13086
10858
28330
8315
11646
22055
20748
6501
29063
30902
16699
25469
28782
26931
18176
8742
11098
32030
3709
1086
13615
18965
26535
17679
12451
21035
17965
1519
19868
6513
26852
2808
22949
9555
18576
1485
8770
20336
30178
31188
31932
16780
30677
29341
24410
11481
11958
438
29374
23999
29727
31569
10004
20545
9192
10377
22984
1416
22417
13560
13322
17944
10823
16885
32449
22127
26198
28526
17462
21863
2145
16967
7260
2
25029
29730
13039
4245
1236
5915
9475
5524
30966
5105
348
4484
13448
6421
26723
25609
25077
19902
6011
17984
22566
23359
11699
5424
23164
10807
17334
7452
18295
4985
17519
30002
22749
24514
22607
28714
1889
3873
25701
26421
197
13793
28140
25903
13730
25767
28032
3208
24782
14612
29001
8138
19275
31752
9950
24877
10229
4326
16130
29687
14668
470
25978
26043
32535
6287
882
27306
31114
1074
12821
15432
23026
30765
10592
10211
23188
25965
2185
9738
7581
21101
13783
31545
10771
26107
25154
2128
28129
6846
27047
6721
19299
9522
10473
11623
28237
11627
1556
16101
428
7128
10246
18907
891
8941
9371
5709
16816
26786
5800
6082
1617
29983
32494
28831
2668
23384
13085
31794
31919
4437
5099
28124
9641
21427
13979
18530
21260
24852
1500
24338
15292
21426
1022
15965
30615
60
14691
20017
16069
10983
29523
6355
3549
31792
3056
26884
9431
23043
13343
7713
21271
22916
6452
30879
21429
15364
32076
20708
1018
25882
13546
19215
25679
21323
9140
14416
24831
14003
23499
6231
20602
17991
12851
3414
20263
12138
2937
21733
21396
27416
14694
32162
23043
16229
9784
23601
14111
29290
21991
32767
1792
13830
26098
6437
8614
14270
19391
10944
27437
1697
1964
31152
17570
8825
24796
26015
26886
15140
3500
13347
8735
29962
15067
19102
2917
18661
1711
3165
25781
24502
27886
19113
22433
11556
21489
14074
5961
22395
1901
13655
5246
4074
27365
14305
16044
16314
6634
32301
26487
1649
7289
7538
30535
8631
9795
19129
22054
5140
26496
24478
16254
9685
30185
24347
3775
18856
28087
13181
9735
18423
31932
24261
819
21570
915
23051
20426
11529
1936
15986
27318
3359
6563
23498
25676
27722
19194
4649
8123
1041
8568
1015
5802
18119
24682
6869
27489
18952
96
25704
16262
15950
9849
536
11506
4979
10437
27172
9437
23989
19120
17692
30127
28913
5036
19175
23930
20064
19895
130
10564
869
3171
21851
32640
27249
17648
11931
7813
27503
8224
28271
32627
29655
1460
8278
15995
14730
15047
3513
12842
8023
19495
18334
31936
22352
6813
3825
13726
30111
16131
11677
25876
10572
26694
29014
32744
12265
9734
30965
27925
21621
6763
12183
5073
12736
30175
19756
22930
14615
16490
17288
18582
9990
12737
20854
14588
30027
17508
24508
28547
20353
16764
2052
30619
4018
18290
17730
16487
19699
15115
11274
28485
23274
5708
6992
24128
22699
24829
8823
26461
24885
8238
29996
18464
26812
21249
17126
23345
3075
18794
7618
24382
5126
29695
5852
5982
30787
21334
21602
17673
31070
16570
13596
2994
31708
18552
5854
561
11143
28475
11712
21002
14485
2008
15569
6039
325
30366
20449
5762
29573
22838
13364
32255
10828
6743
4270
12573
10856
28247
25862
11012
13951
9212
13188
21619
2893
11706
11667
26091
21701
7134
23518
3837
16434
18406
30352
13248
11649
17249
23009
27130
14703
31269
18929
8903
26062
31649
12298
7971
25281
12721
1015
4016
4233
14777
26023
1623
2940
7966
4389
27467
15773
14470
7946
510
9439
27896
13369
12787
3238
10704
27854
9654
4485
24688
7672
15911
16368
29090
4934
1798
27251
29214
14192
15928
4794
8391
18228
21153
30392
22725
17965
28697
15636
8832
20399
11738
1539
28184
11556
13814
25119
13953
6629
13111
13310
6842
2001
27928
31049
1292
13261
2345
10211
26493
5994
2087
27484
2237
26506
25516
27853
25561
1751
23787
26953
5596
26505
29243
16741
1094
16794
5372
28977
27474
5515
12040
29077
8458
26297
21239
30753
27620
30095
13473
4743
8842
19253
17577
26101
4189
9495
15483
23920
5427
26354
25206
31904
13009
32235
9683
27802
8290
18366
25487
1645
10599
1071
20057
27985
6200
17883
26686
3304
262
26130
30653
20528
10504
6576
7783
21307
27582
17107
23167
936
19501
29367
10530
15651
30794
7596
11608
3564
12817
9936
16308
4337
28454
31947
20027
13816
26092
15007
30399
20383
32549
396
19008
1524
30729
25549
20399
4109
30452
11711
31781
4228
31121
29345
21490
372
7446
13288
30914
15211
15134
19964
11588
1591
9774
18885
22715
8960
1223
19730
8311
5238
8055
30033
20258
5277
3393
1193
5878
5843
16026
10925
28590
26188
14049
15311
23206
6803
32732
27324
7202
20384
19863
11196
25102
18428
11201
26761
17868
32269
19430
11599
28412
2191
11571
4384
2493
8008
30213
7451
2385
22259
17565
23595
11390
24220
2915
25825
6157
23121
22903
24052
24474
19718
4994
23600
32190
6507
4322
8923
11270
24694
11898
29447
7881
27347
29287
9198
4197
31744
3220
29550
4141
11908
287
15454
23881
7921
1919
19252
29625
19516
8607
927
4648
18986
11042
31656
1770
8690
16291
9706
30908
22888
32132
737
9069
3223
13311
23417
2793
3705
19277
23608
9797
15435
32130
