12341
16889
1178
22283
22828
4432
29401
10293
26950
18738
3689
23025
14888
18209
9008
24926
3512
28362
21984
11763
1471
23398
19073
7283
2300
11112
4856
1968
270
7055
5745
8269
29456
27769
20735
22199
15411
27296
24938
19080
28355
6573
26009
26940
9277
21726
28593
28698
29440
9535
2589
6605
7980
11086
17338
10320
29348
8878
6606
32321
3799
1726
20761
31628
18453
12921
24644
28017
16194
11461
27877
26477
25284
318
26842
31681
505
11921
2364
1160
11631
31072
13641
3265
9234
27125
3270
16970
24652
19910
11940
24420
28660
18867
17735
306
18103
22505
16379
10598
11588
4277
821
25771
19487
15646
13626
11384
22370
3618
7183
23504
32287
22678
6942
32557
8493
26115
3928
7501
32051
17933
22483
13390
3278
31445
1668
2429
12026
26193
28720
1378
928
16221
15898
17641
15419
7902
7746
15714
13903
18093
19163
9137
23760
8190
7667
31766
16228
1425
16682
32321
3608
6178
15179
23904
6040
16013
24605
25548
3200
30744
17209
11870
17478
9439
1432
28504
22291
20852
26572
9987
24424
32419
7133
28013
24040
25978
22214
72
8152
30205
2808
21952
19976
8591
29370
26315
28487
30061
5506
16759
18242
3706
11984
9494
28340
13080
15716
4107
25771
13773
31034
9334
2659
5288
30104
3677
9511
30825
21923
5540
30022
5972
18511
1576
1256
14450
1291
18640
7550
30475
11481
7874
28818
20148
11570
32462
12500
32068
21947
14660
17309
9185
25534
2231
24551
28496
15825
8614
29445
30991
397
2717
31286
10254
22109
10460
19537
13263
12414
23791
11256
26467
27498
22493
5431
32011
1764
9106
1625
25138
737
18843
4423
9196
10807
12367
28397
16569
30595
31598
18087
20585
27983
14278
20108
5125
3300
10140
9267
21888
8093
12445
23181
6276
10472
26938
1886
20795
20079
558
24433
19535
5714
1969
16454
1277
13264
27118
23207
15921
14101
3745
4892
18445
1414
28569
25050
29760
17815
2705
27399
15229
22958
722
25177
25224
1279
10715
14789
23126
2147
17203
31164
19811
29751
8384
15550
11412
26771
16852
27939
14236
5156
30053
4263
5509
1900
2665
16476
30312
24893
9663
21318
17760
16109
25433
11415
7186
6294
23037
14673
10663
19210
16068
25898
963
15894
20907
29877
15350
28066
26195
5348
22805
3990
32697
28761
16188
8654
3431
2479
2535
17526
28690
30187
13691
18559
12371
19294
21594
12978
27628
1576
1150
3797
31929
4796
6473
16380
30178
28480
10815
19225
31678
15456
6317
22950
19337
22321
11257
3308
14043
15147
10732
7619
7720
32526
14145
10623
1003
471
4818
23632
23338
17414
6657
26277
12354
5417
2090
13441
17719
26265
4544
6017
19500
4651
31864
24507
5156
6258
16573
1400
25148
2432
21816
31756
18260
6450
20326
29366
11503
13849
32503
25836
28578
17984
26202
21483
10790
29724
9201
24024
17287
5615
20407
7472
27102
6583
3963
29867
21921
31641
20106
8620
27900
16238
4003
15874
12111
17011
12228
19090
24041
11827
26056
30348
13558
22681
21194
30175
15486
15206
28239
17036
13773
22206
31620
20064
22018
28632
7316
23996
11270
6913
14137
15522
24714
24639
28463
18614
32182
1661
18058
25009
26842
32054
13202
25217
13372
6938
30820
13047
5389
15595
8519
26978
27873
18759
1794
12920
2561
8769
2474
14600
26106
14793
26436
21228
9337
16261
1147
30783
15635
2147
27099
32581
13565
7095
24364
3590
26215
6764
18434
21347
25546
14259
28504
8777
8278
6175
24119
18868
30638
6607
2577
6866
4936
1177
11681
17363
4733
30305
3874
12872
19866
26496
18067
14613
14068
1436
5255
25966
19699
9038
983
25519
5269
4045
3264
27065
9102
3676
32188
6285
3632
6674
19364
18880
14856
2596
2731
4748
32756
18791
13303
19222
24313
19565
16171
23155
23399
28911
4697
27721
20212
20715
18134
22504
4742
21783
214
13832
5862
9648
29432
10226
21696
23678
29242
2396
10999
31890
3610
528
4502
22304
12800
25022
9054
7547
18808
1996
567
16004
3315
24012
21761
27843
21267
9866
26523
9577
18898
17655
28754
21500
5183
20762
19658
9102
32307
9103
9108
2759
21893
25535
24462
11976
924
15956
8402
26659
3356
24832
8207
22211
31376
10543
6953
17982
27313
16368
21388
22157
31465
6299
9604
14151
19501
26288
31036
30295
30397
9686
10200
7997
8601
32482
20974
13858
7733
18810
16510
16639
22481
31698
16240
31140
13715
8454
16388
6683
6121
27978
25844
29588
10628
14847
25376
29714
7795
20396
24557
28710
3895
10297
23682
2566
27539
13545
28585
2133
24732
25978
31255
7713
11758
5687
8581
28084
3949
31421
26601
15284
27905
13834
666
10376
9607
5365
2166
22334
26222
28030
17372
20006
18646
934
23418
20709
6927
13778
18351
29013
24275
15413
6124
15828
24477
24630
19824
17805
2304
2965
4858
12997
29497
24138
32316
23213
17361
2620
15410
7810
12726
30615
5560
430
1828
10655
15173
1403
31839
146
4032
23364
8371
4361
3052
24149
20094
341
5098
8818
17176
31197
20337
14620
1905
12479
4800
11376
19318
25165
30308
29781
14730
18689
6779
16341
32572
31301
7139
3350
30109
18857
20488
29996
21962
28250
11451
1697
4088
15669
7048
8793
21881
14184
16091
16335
23558
15354
26683
7871
11330
30924
29876
2497
5982
28202
20271
13173
29077
3986
5837
5182
14947
32131
30379
3087
25581
12400
11388
13457
24028
19173
14938
8584
11394
10938
18710
4933
14599
22743
23854
10151
27108
21002
16496
6095
21799
17783
12199
11396
13330
26095
29721
24726
22303
22586
8775
7096
7080
23053
15445
6820
12600
10235
3222
29243
12791
11516
6244
31192
8809
28409
22322
27879
23682
32359
28526
20841
2365
14168
19964
924
14557
23520
32327
5438
16795
27135
1621
24592
24899
15153
17857
13671
19121
2027
1408
14604
2370
9813
29474
31809
13640
19726
1866
12994
14916
29976
18860
4409
23422
21148
20407
14604
29261
19167
5934
5516
30276
9057
27570
16257
21655
22555
2997
20667
26870
9411
10996
8092
26877
4921
22210
6918
18445
4345
2808
26938
11859
251
11407
15139
17391
22936
22690
14093
21629
10191
13667
13464
3918
31479
16379
20483
15653
30725
22754
9818
12338
26614
8400
27112
13774
6488
4039
9062
18590
12150
16574
14633
32302
18128
18151
7399
20719
21364
11824
29865
18670
24456
11708
25210
24854
3793
26211
9591
17957
25273
8959
19397
10248
25466
7060
19445
27036
16296
22461
2041
13188
19993
8856
18844
31879
19160
22282
62
12920
1874
15835
17761
11334
29981
6649
20745
30561
13500
21296
15809
28335
27135
11244
14513
11088
12823
18678
13853
27482
3363
9240
30383
7235
11797
6952
7210
14981
17771
19506
8376
11818
1182
29550
29721
29011
13565
11240
12917
22661
19207
23756
30901
29244
7649
28346
16615
21674
694
19282
13808
16902
29168
31971
15772
6765
10525
19965
19775
12859
32709
32171
9413
17873
30693
11738
25932
7555
18011
9313
6125
28694
28386
23431
20429
30897
1105
8907
3678
591
16649
21376
19208
13397
32048
6447
32744
4319
19618
16845
18936
28409
24773
22753
17418
12764
15122
25921
19119
32269
9385
617
26430
24288
28194
16465
11091
3717
28896
10048
9713
4588
20429
17383
8368
12536
5492
8197
26112
16226
25340
27750
17426
13247
26060
30146
23514
6319
14323
20865
2523
14955
2599
23385
29920
29489
14453
22346
6347
21398
19173
13340
16989
13610
858
11979
19559
8634
300
11559
9950
27602
20909
30388
24006
16133
14781
25209
12212
31473
7718
4405
25790
5839
6850
31317
12990
2977
15746
31567
12725
8687
9639
16098
3066
4196
26075
19234
58
4058
2503
4420
19576
3378
2424
19883
21548
23744
30722
2645
10234
21259
16168
5776
31015
18782
5086
2396
18235
18841
837
24474
7554
1705
27806
9480
32210
15066
27921
14178
12009
316
20582
9278
15934
2275
16005
12730
366
31388
23942
21802
5526
179
4308
8683
27976
25322
16673
7205
29953
12792
22632
18495
29786
5
4263
8133
31216
14254
13466
6535
4917
21476
26029
3369
8825
25212
546
21519
30602
23675
11146
17233
11603
19637
23597
24441
17807
1542
4521
14683
12837
25696
2033
6598
23066
13126
22547
29918
30179
22759
18621
7706
4160
5573
2179
3922
685
20930
30334
32672
3867
23907
12172
13221
15643
24542
9757
3458
11360
30154
18705
12318
13298
32245
5436
19767
32068
9486
860
21811
15414
20289
27565
27896
27297
15420
17533
17453
16523
13302
7342
8321
5915
17240
8662
14083
17709
24096
14417
31734
29440
19332
7115
19389
1786
21138
13989
18364
18494
14141
8989
30023
12439
13821
12842
11798
22926
10297
27718
15830
2234
18561
20600
15817
7767
4045
2597
9881
22332
25796
21510
724
19879
14416
23039
20837
26671
17006
8178
3904
25741
7672
24018
17712
10735
17691
11797
11485
619
841
23749
23705
4596
27106
9538
25771
21931
29526
18971
27018
13817
18760
16625
20289
25
12474
19764
16783
17301
7688
18212
24316
11816
29599
8319
11413
10613
7104
13413
6668
16099
29611
6878
7728
2824
4594
30551
17153
12620
17383
11818
7324
27434
12703
5900
19367
24859
31838
15235
22845
26730
21865
11676
11816
25015
24669
12844
1163
30701
2489
6124
13984
3991
23101
12098
15719
31874
29056
25881
30631
12876
24255
29554
29443
32470
24388
14928
11319
1511
18323
20998
23149
27747
5639
18189
31098
28858
28470
3265
3069
12985
27415
21346
31536
12807
10411
15720
7551
22583
12592
6584
15847
16519
5741
8893
19010
1662
30998
25080
13005
2881
7844
25992
4531
22569
6531
6475
17327
21883
9124
7481
11938
21467
7838
26924
2676
30356
5417
30681
25925
15914
27838
29267
18266
9350
3754
29925
17541
9569
13687
29860
29414
30503
25813
10271
18788
3267
13226
6267
1817
16728
17780
25541
21155
28051
28274
19205
31523
3712
15180
6029
19126
16048
18483
18780
1888
26840
6531
3425
4911
8313
18102
902
9264
5030
16421
31113
25528
30677
24458
8698
20482
21837
4101
29934
95
10584
5237
24660
24492
19425
24133
14694
4380
6306
23906
27299
10277
21433
19082
27453
18350
9459
27949
26508
21485
14693
29165
18109
16104
16815
26290
22071
4276
15009
24320
7651
26764
29383
17545
8296
22374
16886
9250
28715
14959
30853
6868
29828
15999
22146
15979
4286
24915
13428
1272
5023
29660
13550
18260
13720
23481
10061
2696
12250
15888
16493
22507
19724
11247
30786
25672
25384
13111
12141
17303
8402
28388
2022
26362
30418
4172
13084
17813
26115
1456
15326
14877
2533
28689
2621
22414
2015
32511
16515
5701
21769
1063
27395
25070
8014
31044
11247
3622
513
16599
11933
28423
171
7481
24224
12042
25526
27269
29310
26971
32073
32347
17150
24671
21859
3038
14589
18547
11619
25891
31457
3169
3103
6199
26729
27459
15754
21792
24142
6671
8441
4617
24663
4899
6322
5346
7983
25754
2418
20690
13452
7433
2697
27165
23679
16674
25511
11288
311
1782
18199
21418
4553
27896
25698
6584
19015
12793
5497
31997
27978
27969
2888
25600
24425
11445
20989
4708
1744
24839
20017
19139
7770
25018
20053
30489
18631
11746
28432
16504
25600
2542
6803
26124
20684
9603
1402
10667
20947
20135
30608
19354
17024
7561
23021
30797
18644
12274
26597
16976
25635
32389
32352
32061
27580
16404
1723
6552
28612
25567
28284
14731
29860
28226
29849
10981
25013
28215
10443
19236
1561
29920
28914
30408
28890
9045
25794
10993
2431
17707
15423
8152
23082
20435
23989
19733
21370
9991
4550
13168
15064
2387
24289
25132
1658
4108
12872
14484
7374
21708
24760
7973
24490
27362
15027
6799
28705
15463
25800
22646
18303
3286
262
28366
18034
7800
12248
10901
29647
24188
16563
31091
13926
530
11392
13800
22493
16472
11022
21004
15051
11239
1800
17316
3127
7921
15836
385
27831
2608
258
23737
6754
29121
2412
26700
10756
15476
5096
16059
8281
32712
19218
26062
28204
18341
31214
5995
8476
31824
7185
20260
4641
32741
27841
9470
23480
24948
24299
17968
18450
27540
32000
15176
5888
22181
8387
15592
20087
4676
728
22851
1640
27593
1841
21478
20288
19897
98
32424
9512
10730
28571
30057
976
30829
28542
27915
16254
7585
24846
2982
7513
24397
26226
5043
2422
26344
25374
7925
17181
28936
30045
29692
29769
10143
611
22842
15158
10153
7161
19247
14389
19181
18546
1357
10011
13534
6937
13556
17607
10662
2174
14257
30435
29528
24821
5875
24180
15903
6431
4926
3939
28388
3074
12207
13806
16717
26559
23402
25362
24495
30854
18490
6646
17087
22932
16346
11833
26946
18310
24640
14265
7186
11911
29712
7430
19592
10480
18755
8377
28906
26002
4955
4629
25057
10533
2193
6123
8158
32043
20280
7017
19870
28734
5708
657
11742
31930
23708
10492
28140
20194
8399
8398
27685
5453
16575
6085
22203
14125
12769
27173
18867
20959
23017
740
27402
14731
2566
26167
26796
4571
24430
32205
19009
10229
32375
26291
16425
29795
16348
9400
1071
27706
3280
28625
8014
4261
25478
5266
20201
20646
25453
21415
10269
19987
26149
12729
11797
13387
20797
11480
17459
8455
5261
24809
14113
4191
9387
11009
2955
3097
27624
3193
9624
17503
3218
5720
12190
185
10525
22098
19768
24966
19377
226
12151
26723
1787
2176
20716
26783
17551
13861
23696
16911
12543
21774
21275
26571
31477
16472
29
17589
31077
7287
1731
9203
20383
2077
26262
8852
26207
10998
11149
28181
22284
11447
19581
27770
32218
13548
14883
11512
31027
22899
10980
1545
31772
20685
31855
1655
5797
28725
22826
4812
15198
29346
2055
8727
28872
8189
29943
16234
5580
24553
30667
30413
13788
15573
2905
18800
11381
4131
9721
11976
28680
27654
15125
13567
7612
20921
28099
20469
15330
20267
14126
19485
9102
28074
27918
24422
22539
24464
6587
4391
21847
6656
18894
13242
9440
17252
1357
23127
12683
20430
7867
25776
3838
31951
8374
27076
1000
14326
21364
4478
17617
9101
17954
12152
18327
11587
24622
2344
24689
21791
5471
19495
13505
3868
20772
27065
3593
13678
2254
15390
6719
17119
32064
6696
26476
211
22666
1390
6622
29339
30904
18582
3634
7361
31408
26269
9187
20673
24481
6855
8510
4856
31576
6541
21185
22558
16202
28962
5364
21684
12686
6044
10499
16794
14001
28436
14625
27130
30128
13961
7057
7947
20107
15895
30173
7881
24024
13996
4815
30791
12153
27038
9754
13021
1329
8461
1694
4307
19424
2397
27252
1605
27586
16697
23865
5
26088
4462
220
15005
20795
18156
20158
15117
5860
31223
2790
23415
7617
11831
18532
27071
12533
695
28116
7880
11179
3078
4691
17384
21570
26750
31915
3286
3981
9671
19108
4051
1031
15068
3235
31307
32200
30491
19287
2392
5772
24619
30593
22453
22072
8925
12114
20391
624
13748
27713
16428
24555
195
14163
18299
13584
22584
25182
17121
29638
3203
8247
6449
1553
6506
9367
25374
29405
24807
5216
31873
20428
6584
19455
3580
25772
658
2700
19252
26762
23367
13698
9250
23924
15144
32432
2745
11503
18010
30457
31902
18128
20701
31932
28194
18075
4348
26334
9416
634
30218
15929
17568
5024
8433
282
2083
1658
27544
4172
7574
10574
28214
15981
14118
29391
9067
25828
23508
28589
4452
26607
12536
11718
32363
29298
17052
11857
5764
25398
7851
3671
8634
4851
20393
9034
1559
4112
18910
19214
20500
8031
27179
18
17151
17910
21335
16948
7793
13960
18604
16075
8952
6116
14152
12053
25924
12183
12103
3359
18808
3943
29992
18193
2958
18586
14423
3491
31053
28770
28419
19892
808
29151
13701
21096
22984
11208
1964
30678
19199
21833
20642
25324
13201
18699
7984
24473
29124
19203
3204
25885
7678
27062
22805
15849
18619
18974
12891
15948
7058
16803
4574
18326
30948
27010
8837
2159
2001
24961
1814
22474
26957
31281
31255
16460
23533
19801
14481
31104
5291
16700
27876
7502
13835
17286
24725
1694
14554
18996
18042
18796
11871
427
10431
26367
10680
8352
3676
27726
5610
2196
25365
12304
8140
25656
15579
31696
20288
9716
22601
31032
31547
13192
24717
4978
24340
16873
22730
1718
20553
8038
5777
18258
2366
25287
5471
25747
9942
25422
17175
22649
10965
11966
25906
23463
585
9931
11458
4570
22152
13143
25638
21771
28962
18643
18248
28676
20631
15571
8
11484
26344
24082
9549
8962
9384
25232
11529
26333
27242
11952
27685
20058
14790
5020
11270
32521
29373
31886
7948
29185
17306
2700
2596
3114
30325
12623
23398
13951
4901
3955
5855
23623
236
14194
30447
8766
18542
19511
2086
19428
6661
24069
21651
18532
27332
9436
7452
25030
19580
7917
32288
7453
1777
5755
7257
24243
754
10351
23562
26802
11590
28450
25460
4723
31330
3843
16670
25328
15430
19321
12176
20418
5654
15912
32079
9414
26195
11073
24606
32380
17282
25403
28902
11370
1443
21323
11714
22437
25179
29449
3339
28951
26724
10296
16064
20211
27155
24659
16017
21742
8107
14336
25388
8133
1511
12806
19835
28113
32414
22445
21240
25694
3483
26433
5963
1522
5015
20225
27278
24095
29202
17653
27959
1400
18954
5687
9372
21337
5339
29313
13066
31311
32252
23587
21291
27664
13012
18456
19471
11028
23900
32130
852
11778
13314
7760
21590
10676
6696
26774
32273
15096
14828
26555
17855
21496
2842
4345
8928
31831
28931
22710
27468
30245
8209
26425
3315
28706
30709
5987
13273
15542
32161
8382
15726
11217
22682
4183
32676
4273
9965
22255
956
32200
5324
31917
31061
6229
12253
7439
31015
6134
19004
28280
15511
31525
24232
15052
30928
15532
28188
19115
27790
13695
23626
21344
762
8221
30994
27520
24912
7985
5619
15450
31221
5265
2504
28344
7586
16422
23271
10856
15868
10770
16762
30318
2419
773
25202
19973
1324
26060
25148
29969
22593
29077
15418
11255
16704
10719
17938
26669
1996
16272
11023
11425
20719
6509
1129
15503
8549
6689
4799
23263
17031
28555
23393
30633
11621
3395
22410
27090
14059
14716
9765
7924
32390
20389
12324
19341
28459
12878
30173
16672
23494
26934
7039
21882
2386
15320
3319
32731
12398
10680
4112
25970
22615
22431
13913
12410
23854
20141
438
61
22215
21840
14396
6971
7412
608
9937
16492
9542
27545
15459
11165
8799
16776
3493
1429
12371
25944
9906
15940
5977
5564
14019
30662
8442
20410
27841
10658
28445
31772
24586
25999
18450
23071
26184
9332
24330
22119
22059
22162
23476
23709
2091
25892
22949
14416
19745
1081
2084
5179
27997
19280
16301
7106
5591
13444
7976
20860
19993
8904
9968
874
26573
27533
5447
7820
22405
6258
8660
14558
18522
13906
4347
32225
32624
27066
30464
31027
12925
27214
18225
2162
10269
21279
15905
4197
1291
16052
24610
11833
21405
18131
4697
27544
8204
17410
15099
22141
23585
11308
20529
24428
1471
27148
1938
14382
29854
32586
32387
32555
1540
18568
6211
6660
10635
1760
5923
14645
9051
1653
10867
8826
9810
3211
15437
14011
1834
5291
4984
22229
5092
14732
19302
26970
28359
6175
19749
1322
21781
11296
6296
30345
15182
16459
15283
14033
29017
18037
20898
8175
18564
6147
16211
8557
21077
32285
25621
16339
27859
23183
16385
12631
32345
22623
1789
27428
16401
16233
17067
11437
17676
25042
26120
19172
6071
11237
9624
16564
4711
20862
28768
31014
1793
9925
7961
26865
28723
28026
7511
5194
12528
5996
26565
23789
10796
19269
26647
27770
1558
21433
17366
14922
9620
17803
1370
10326
25758
26439
11770
21400
23333
1945
4956
9255
10216
5723
24227
23250
20179
17092
9889
22394
21697
3403
29075
4653
30654
8583
30339
27578
23296
9318
29155
14772
5383
17633
25851
16316
29227
6613
4129
6870
31147
3160
15351
29072
31251
5194
14387
22951
6346
15755
11769
26974
27513
30730
8755
7959
17581
23091
31502
5130
19176
3664
31062
20022
24224
6306
2225
15557
21067
543
5752
28880
12873
31722
6395
14819
7127
28082
6026
5705
24408
16774
30555
15780
31323
5952
16247
25932
14909
17277
735
14355
16678
24245
25116
24513
14636
9411
18920
29364
25569
29423
23534
8812
9456
23960
784
25142
31444
16154
272
25389
17981
31642
28822
10214
19238
26312
4954
12270
2844
12412
29588
8233
9331
22528
16074
25893
6570
16182
10365
17312
2840
31582
9426
3833
20105
22972
8336
7634
29977
62
4240
9577
25452
32341
12174
15082
816
4444
27036
21811
13291
11624
22071
25218
32360
8833
31412
27981
8215
7015
14528
31685
31342
7684
17975
32193
24654
32331
12287
14676
22842
13931
29542
21203
31015
4846
28366
14991
22077
28581
29738
5055
208
12063
29420
8271
26859
15696
2140
3722
11114
2212
9106
30901
384
6935
16782
1370
12134
28324
10262
30321
19548
30684
20638
25879
31572
894
3188
19200
11577
9177
10460
20603
30942
30112
13676
32485
19108
10144
12102
21047
20509
16547
14841
23285
13575
5098
15707
24926
8736
13822
3504
17066
1516
4314
30407
12301
566
31723
15368
2981
19770
15852
7940
25395
28935
21863
6324
10508
2526
2619
26354
16519
4295
8740
6899
26389
19858
20205
597
20056
10760
6245
26315
21659
23717
5778
31185
20612
10642
26307
16929
19597
6581
24143
21772
10948
30733
17402
564
23881
6461
15630
14340
23796
20225
5437
9745
23683
23054
32758
14934
1817
7910
24487
1509
13745
6139
5577
131
28757
6084
32201
27805
31823
18916
27414
11412
27727
612
16543
24274
27734
13630
18333
21452
5056
18060
19072
27155
14072
7022
295
26018
6804
15817
3451
15532
32679
22233
24303
30248
30886
13362
23837
16161
24466
12378
16323
23100
17817
26037
412
22327
7569
21382
14947
27588
15470
1137
28714
11182
1561
30186
9407
16079
16444
24761
27782
3957
1865
31809
24485
30816
11115
10967
19116
1373
31171
9399
3994
127
25399
190
30296
17556
29926
19675
26803
26529
11108
1763
29172
8061
4809
32727
22259
17184
8352
16977
6063
13004
13591
9162
29905
8667
25571
28273
24544
11072
11339
17642
2100
26343
27290
19276
13961
32078
11613
695
6748
16049
8668
15343
8033
30252
30559
12767
24153
118
30780
29855
15914
31380
18400
7292
23013
5337
31411
8798
3035
5910
31288
14576
19346
8197
25850
30540
25857
21226
16742
13402
21910
14463
26128
66
3751
8971
32750
2920
12716
27209
10724
809
6779
9907
3458
2770
2032
18696
29155
12032
31001
13319
968
30983
24607
20453
26681
9376
20523
4711
17805
22427
20311
913
21361
26592
31259
14792
9291
26887
1531
29502
13570
21037
11678
7987
4754
1161
25103
5059
12658
27056
22147
20633
17749
32667
29809
25041
8602
25066
26481
25789
3105
9152
23403
3385
28103
26658
18410
1579
10618
11052
4133
5042
22918
10689
25981
14978
449
954
22639
6319
17615
14759
9625
2144
9106
30496
30111
27657
30397
6686
32010
14412
11442
9123
29898
7737
29921
6638
8861
14778
3656
27119
5727
23478
18835
5438
15396
5174
15297
11644
32172
26906
28492
17410
11218
12367
21483
16710
10663
22087
6973
30358
20487
19683
4625
23112
21355
28930
3900
22054
925
23658
28257
21752
6569
29132
15422
20180
32126
10158
25514
21305
32271
23354
32489
11237
31976
16149
16398
30720
4420
18875
15688
8160
21539
2358
2955
10407
2117
3799
6501
32726
3011
2859
1738
32476
28600
20778
17306
25138
7
26997
13613
19216
15596
18439
27410
13765
20258
794
31279
26574
14212
30795
9878
1329
32641
12364
30527
7682
27179
25046
23363
12384
19337
19726
1624
20300
14109
10651
7917
3078
14608
27319
13266
29480
574
26677
7953
20840
20203
27149
9496
8261
28401
25879
7771
12373
19431
24460
3032
13335
9217
26622
7288
12804
31162
29630
3848
5177
23228
4563
1155
22274
31607
30024
7499
27861
20861
13211
11079
441
24618
14787
28829
31522
6753
12847
31086
20064
10099
4225
14532
4352
28034
6782
27679
17056
24136
5269
2476
20136
17819
5688
23192
27130
15300
5709
20541
301
2539
23030
29333
20982
5687
11576
26995
10612
20201
30633
8285
6278
17219
5389
23776
14646
12737
8142
12456
2351
5393
17744
16458
23382
17869
22884
2521
22664
4176
8219
27288
20147
9244
26587
9359
18458
30742
8801
25772
9780
28886
15362
62
7986
26093
21603
31067
1157
526
8279
32486
32341
21608
19790
32411
13609
26181
31297
4259
3566
10126
6113
21151
2571
11231
23832
1665
11616
11732
5751
14250
9620
14420
21751
20123
26702
285
20665
32553
14741
3338
24506
24233
21350
8154
20627
12786
9213
1566
24236
9199
26624
6927
9663
25334
22506
25630
5063
17984
18287
159
2695
19270
15910
32630
19319
12111
16312
26253
26295
14858
1227
29898
22365
27150
30479
22084
16194
17812
8275
20258
25673
14994
4078
32103
13804
15073
26444
2649
5963
31918
18351
773
25474
5608
24172
13863
1097
7545
19787
5336
6685
1725
13287
14021
6607
16216
25681
16662
13956
16923
14296
3875
32344
4554
5410
13017
30458
25604
3096
22264
2923
29428
6719
26074
4801
6114
13498
23121
17286
25997
15700
8079
15871
2494
20027
23054
5964
20595
28882
16260
18353
22947
10610
11171
12451
22119
18301
32442
10500
6746
11794
30910
8569
22201
16835
3559
27546
3641
1876
30609
563
15090
15611
19444
9406
2084
11573
20238
27902
15724
7705
22905
13787
1844
6985
7957
16794
14156
10375
27261
27939
23293
22197
20654
9071
29774
1297
18221
31719
20847
10115
14344
28789
24416
15559
28859
25234
6622
2258
26004
3771
22202
11080
12401
526
3456
940
18418
12051
10412
26369
19667
23311
24521
13959
6611
4125
12790
13541
18745
24297
24565
8628
2390
6201
3254
20109
26898
25902
31356
4511
4561
3305
16868
25
4446
22320
17431
883
13876
26854
31566
26928
27853
24841
14164
15563
514
3108
17483
22841
29525
6897
835
17141
10626
27060
678
4595
14084
10760
5591
8198
3664
23177
2854
12675
20257
17723
30071
3770
9315
5559
30939
15433
31244
22043
14057
12424
20823
22368
15410
15743
8086
2416
19471
3345
3942
18228
25734
23545
27099
28646
7527
31591
22104
28241
10132
13135
24288
6774
25772
11887
15220
25118
26631
30362
17891
4286
26927
14919
16980
23666
32666
12036
21932
25929
15604
29737
1297
23419
7830
24776
4812
20633
5940
11124
2052
7172
32607
25861
20932
15111
29221
11302
11831
18889
1910
30825
30174
91
8213
28649
24657
13207
18275
28726
11907
16669
8495
19449
5488
16195
27761
4243
18713
21519
20637
13996
935
9800
2778
9281
21641
13786
14539
24592
467
31677
24259
12488
21294
3645
5936
8665
30236
18264
8225
2637
3731
10940
25360
25285
16213
4478
3863
25383
22246
16569
23579
11583
22989
28767
13366
4925
18581
25411
29807
32152
14188
15561
22840
18219
3408
21418
483
7048
18749
31611
1031
9475
17126
23414
24267
11226
17258
4063
16200
21473
4946
8909
7908
19009
13798
23951
10395
32564
31578
31878
1764
15460
9598
5106
14925
15783
16571
31200
7856
32236
22518
30151
1067
20436
5890
9850
25080
5740
11774
14070
10410
25458
4492
10854
19741
23036
31086
29412
4051
14881
5180
18486
11658
2533
26915
7638
5309
18957
27563
31566
25113
31362
11115
18523
2661
14468
5246
6814
10368
2602
5449
3795
25603
21544
15657
10893
13633
31121
29353
4198
23001
26913
17026
12715
2088
17801
23113
4365
2871
31406
27169
28464
2986
1544
13802
16887
6422
16989
3639
31736
6103
24196
26413
3111
9998
23669
15643
23363
24579
11255
12801
10551
7681
5205
11258
30728
10399
907
24281
5661
4353
31324
31730
544
15085
22053
20517
23103
4184
19529
7147
13858
15054
19113
25198
19434
19411
19504
15671
16429
9603
30674
10942
32215
24724
25686
31391
8335
20506
6987
4620
1709
6881
30247
8704
1533
21138
18024
1456
16480
12257
9872
26250
17451
12
24978
28946
11070
9569
13883
13308
5901
11127
26933
19604
16890
24653
12651
9720
1673
11292
13111
6309
16065
17924
20349
15319
29215
5923
13845
28781
18410
11247
1165
4808
10446
13540
747
26678
20807
18776
2179
9517
21276
30293
27427
27758
30527
1800
15863
30600
24170
7546
29011
14599
18738
7840
16720
5599
11451
19001
12981
15639
20058
13236
14052
21053
31084
30318
24160
9611
231
977
21218
6788
32443
25177
32176
29390
1038
32694
16148
27200
28098
9655
21327
16307
20109
10911
32369
1059
26402
16225
20418
27770
30541
5122
26064
25541
21271
23125
21734
8910
12161
24239
28460
2209
21743
25395
1884
29740
4812
18003
17182
3870
17132
24785
214
14443
7826
20811
15909
9768
25722
22570
19347
26167
29647
23205
10523
23384
13730
30125
2526
3248
19595
24890
21577
22201
17576
8284
17695
19988
24726
23795
31986
12437
21071
28044
19925
5797
27625
17401
11653
10270
28078
31023
16121
7548
24499
523
21464
12894
24213
21499
20682
17585
30001
2331
3408
21659
17325
23871
8017
7639
20779
15206
32002
18804
13671
14780
8475
13122
31379
28042
17676
15767
15399
19904
6093
24585
6449
1404
21088
17156
27524
27094
10578
25534
28621
8943
6870
12960
26507
5396
29462
31711
9896
6808
7627
8851
12455
24683
24918
6728
18669
28899
28740
13300
12870
14471
17656
5498
8558
26344
16658
13238
8357
26992
22652
23015
29787
12343
13536
13771
20004
28403
17609
16905
10866
19841
28494
12706
12811
16784
9205
22806
26549
23572
22934
21393
4395
27837
11643
13506
27630
4461
22330
28802
14190
16818
11192
24134
1691
462
6745
26624
8835
30672
15622
1435
18691
6910
18375
10209
31789
6468
27641
30912
12385
26413
4069
15310
5000
2522
2158
11262
265
8897
26698
12376
5099
27666
24981
13422
21412
21021
8014
28766
20643
18259
29794
28497
29877
28705
9575
22274
32535
31180
25052
23104
23634
26754
19417
27029
4096
3436
25356
23915
15391
16664
13970
19572
6482
32397
810
1143
24159
20886
11507
25237
477
3803
29377
4825
1490
25636
5205
7295
9316
31074
16620
29126
19545
4993
15056
26246
6792
6644
4319
23548
15146
32278
4551
31021
15167
17608
21961
11738
29307
4467
18353
21669
28541
5230
30355
29356
15888
18571
17615
8909
25731
31209
319
32021
7895
23242
11291
25354
22846
12253
30878
4191
9437
23683
30212
20119
21859
11684
12232
18188
6633
18687
12711
8290
22856
11363
30192
32572
4036
16143
12125
23465
20622
20105
9984
12831
27716
3940
15479
23673
21976
32581
11180
29986
20121
21736
2120
29032
1561
6868
10585
25926
9848
22793
9008
21883
17789
11928
8052
19939
10259
18898
17402
1629
28629
15417
25964
15965
27680
31014
26615
24119
18601
137
20201
20442
19623
7016
2047
21571
12528
4231
22910
13296
11728
20208
5080
4374
25540
13615
29758
18927
6210
21980
4952
14602
30115
20577
12714
12124
25252
11088
15342
17503
32055
22946
30882
29462
32750
984
13412
25093
32028
5400
9305
5326
11658
2489
2141
16822
26724
13428
31497
27020
10577
14379
20884
7190
7280
22430
5869
31427
22225
31804
27345
25719
7132
14169
21828
14400
14763
18444
24154
7150
18807
27965
7000
29574
6667
4551
16187
25920
9932
16776
31789
13736
29083
10138
14418
16224
28358
26402
17577
22797
4323
18336
10056
16101
21546
19246
30097
18355
30944
5766
3150
950
24798
21426
2003
20291
4084
11095
9274
4252
14288
32530
6872
12919
123
24178
17554
1925
25512
26426
18140
22313
7013
12153
2646
27787
16044
12730
18587
4409
26109
979
20019
20985
24931
1908
5296
32497
8880
30253
18338
15082
11362
31767
10352
11765
26031
31342
4855
22503
21488
27572
18482
8360
17883
26846
25749
7828
20289
25687
19664
17540
25417
2641
3097
32654
2609
24133
16313
26044
27527
3445
8461
1340
24276
20088
19484
4772
3417
31697
11637
32065
1921
31024
28213
3457
25656
29853
3195
3282
27707
14701
25474
12190
21463
1103
9474
22984
6270
18445
8748
6387
9786
286
748
7225
2521
19705
5943
18527
335
15759
16158
30032
6120
15820
19076
21451
23644
31404
30126
17090
8574
5893
31432
1398
19290
8099
21592
15146
24715
7244
29535
10784
25044
25649
1950
27942
11947
13149
18630
26267
26952
14070
11984
5107
1394
17228
23847
22102
23217
25206
21135
19632
3075
24309
26905
9205
31748
17462
22182
27197
8075
7896
9676
12059
15658
19152
27970
23932
20991
31540
23608
32351
23447
15970
23522
32593
17971
1117
18074
26126
28943
18903
872
23429
6853
15930
2777
22583
22257
15255
32158
21353
18812
6103
18042
13936
19321
17582
14408
10903
27210
23342
31029
16382
26416
10458
10303
24616
2371
20693
4164
502
23947
6111
31539
5581
30575
23142
1714
14522
30000
22553
9025
14700
11936
24748
24945
26558
18750
9302
26219
21372
18622
20523
32473
1877
791
7468
30938
25806
17946
6342
8679
423
7978
18303
9429
19697
4074
4532
2586
28973
4762
2374
8050
8838
19352
15923
9770
13725
30613
2145
28598
23702
6968
15224
31688
20805
22839
29830
20680
15773
24734
16918
3152
30310
23885
12241
5335
30922
14684
6371
14132
22921
26789
27675
2414
20675
31368
7854
24007
30305
3202
25029
30157
4760
22977
25326
5650
13706
13231
29394
27057
13268
29517
6548
2992
10123
22552
21519
23880
32294
5540
27764
32507
15075
20765
747
16559
26593
5407
837
31427
20139
25530
7523
6797
20428
32127
29857
6426
22773
29540
18488
8080
27522
18833
8184
8577
23989
16595
794
31542
20880
30447
1840
12710
15523
7106
7001
6896
9656
30116
5443
14826
26685
12724
17848
32037
16716
14144
27470
5398
1179
4812
17403
23787
54
9225
2656
21039
11677
22787
2671
9966
29598
11491
7532
22665
22883
13314
7163
10072
17072
268
71
948
29288
12340
23890
21140
15718
11993
26684
24708
15049
6920
19207
29792
31062
18840
15781
19907
4897
31148
15074
6159
9439
138
12887
13337
6721
17464
28660
14822
26074
27741
8648
11441
28069
9460
20331
19278
3736
26483
27534
21662
3602
3180
23643
2332
26074
3350
22371
22472
24440
2129
15872
6770
28582
21846
23407
32422
26440
30086
31142
9456
12882
28002
4213
6265
454
13414
17743
31152
23576
519
25853
27481
24968
23106
30761
3206
2218
11688
15138
27322
4207
9270
5806
6711
25444
1539
27164
3124
20434
8400
2548
5985
8410
28913
31710
27942
9209
23240
15050
28732
13146
5382
31990
18335
27401
30812
10127
27101
27184
18797
23861
30499
29150
17463
10661
15488
20846
15961
32616
22894
990
5523
6626
5485
679
18682
17611
7127
29658
2916
3342
25362
25175
25552
14077
17793
13768
12438
8558
23277
10368
11938
26197
30394
30782
1597
22512
32495
15927
24098
12802
17080
1801
3760
3843
21589
26190
24136
31385
12451
15705
17542
25878
18460
20700
24667
8629
16293
3795
31950
31282
6499
193
11129
24631
5110
22024
30454
19697
14058
29635
26021
4385
25359
5032
22694
15504
19650
2633
1115
9772
13604
31383
4397
31190
1906
5079
11086
26320
13959
31852
16116
12259
1044
27971
9482
32447
19133
23705
31220
10267
24352
32373
3245
28112
14319
29648
5213
8697
5934
30223
29558
2211
23456
13934
15070
26010
9838
8811
26677
16905
31539
666
372
17375
738
31427
18439
2563
27300
24019
31946
30734
4800
11785
32692
22664
3144
2434
1066
15249
31441
30755
823
16074
4218
32738
31380
22492
29752
12623
30334
8515
24979
22593
15300
4227
15400
11994
17641
27557
17368
25214
470
22916
7654
2142
29795
25759
15094
7759
12716
19405
7791
22541
3519
19563
17059
12312
5639
17794
12479
8142
17945
20909
29376
31050
12614
17530
17542
26137
13648
25988
32421
11739
21168
20673
20591
1442
7804
11239
31135
875
2418
21901
30362
15139
6691
5053
9987
26040
13577
655
14203
3333
26140
31618
16128
14993
20239
12510
31268
962
32680
19585
28013
25172
13126
30140
15855
28947
13358
24269
5858
785
32657
22101
16612
24589
16997
4839
19927
331
3044
24983
10858
21232
26671
7291
2360
25137
9305
28840
22386
9906
7100
2453
14888
24831
14715
24068
32602
12545
32052
129
21398
15334
13695
28259
28885
1094
25084
12649
11061
20357
30632
21661
22894
30075
13679
15250
13440
523
17536
780
13075
29097
27319
12965
15542
30699
11759
25361
18937
12654
27569
26078
30234
20818
32603
22408
25884
27165
28784
5346
12101
4958
11130
3076
3919
16136
18737
23511
17813
24316
14365
21364
15794
8123
3138
3573
4159
15614
1841
20330
32360
8959
17815
28054
14678
26306
31206
2158
9144
25199
15819
9240
25750
32462
11464
22857
25555
31441
22326
29628
25101
4374
2328
21136
16975
11147
20629
10126
2640
20442
5977
7207
1930
11253
12137
17360
16456
22710
22133
17773
12878
16637
30944
28445
8782
24904
64
1900
32367
27427
29747
4545
17360
25380
2508
32278
3550
5246
2243
1636
22327
3396
4525
16080
7481
24604
29880
10461
5758
28089
21749
18277
920
6644
5364
28398
10142
14516
22877
13904
7101
19331
15805
5454
1600
9091
18836
18914
25579
7130
17408
8968
9406
514
6894
18266
14878
13487
32308
24212
2943
2719
31390
27086
5404
3052
22961
19440
18276
19840
18245
24351
4439
15630
9955
14091
25107
8149
32035
17061
7884
13535
15964
26441
11661
23833
17650
7745
32551
9729
11454
7819
25495
32127
27472
5170
2513
12208
29309
11930
13731
16076
4974
15965
30466
31883
23215
16748
18053
25453
23239
26547
15565
23519
14059
19587
32435
23610
16593
2250
23750
8185
19093
10078
11372
16851
18035
27515
31019
7373
8444
20356
11011
11881
3719
29147
1964
32534
8578
15427
31576
11265
18763
30751
27194
14954
12842
7326
2465
27008
11913
20342
2519
8175
8670
19375
32670
32693
523
24865
27775
18898
8983
6235
12235
26911
5735
30571
18290
17474
7485
16616
23870
21048
11404
24896
21863
9030
29911
31380
12457
31649
9980
13262
20009
3549
28858
5552
30800
28562
10265
9671
32700
24836
28480
12304
9669
368
12922
14397
32028
23959
5562
11091
30406
1364
6347
29895
31398
20770
14154
4095
651
4649
3290
2314
4049
10178
21159
1577
4928
10656
26831
11667
17130
28295
4043
30827
24988
9388
28503
2357
15308
3946
11381
26658
23911
17490
1907
12537
32223
27146
26425
31928
22963
20307
4367
16721
29411
25055
9491
17024
14680
6276
17813
22828
32541
3890
15618
2191
8410
2035
32640
27530
3231
25375
9664
11486
29070
18507
2228
14803
8914
23639
10706
22296
14875
28231
17446
27460
1810
30582
14229
16359
31822
13175
31739
28060
19235
13952
14634
16578
13864
10749
21461
26547
15091
29458
19059
30462
16434
17101
21693
28980
24368
26434
20900
15234
12617
22746
28187
430
159
464
15480
7551
21526
19010
28266
9952
1175
9251
16207
11023
945
30997
3943
30175
11196
27422
19161
9935
7354
16072
29771
6737
1412
15127
7651
29373
9624
26856
599
19315
13927
31498
10643
9746
14476
11247
31846
18372
14650
15066
27206
23112
24211
9604
8948
27032
10678
12930
19990
15228
26456
27035
32744
9120
3854
6597
31687
26294
29194
13652
18282
16304
27761
10926
18920
15958
16741
28642
10614
10775
32052
13987
22675
28454
31253
17642
32703
7549
8424
6724
8921
10044
5135
12007
29700
28759
11682
1174
13263
1012
18219
4289
7303
256
24936
18419
21351
17552
27254
17931
16884
9936
16351
7559
26544
923
3803
6776
22930
16622
1622
21314
13817
8980
5973
28004
30125
25209
12308
13720
11244
19231
3523
16608
29420
6844
26603
17543
22195
8647
27240
8658
12968
21579
14606
740
31458
23582
31998
11482
17419
32080
24778
7481
21390
15739
2404
12199
7150
21863
32593
16234
8526
19410
26824
32229
25732
14433
14520
455
24440
284
6603
12515
11247
30776
17103
18037
1773
1960
25221
12276
23323
29159
13658
19274
11491
5265
5266
21578
28064
20373
4787
24271
6613
12470
6984
16464
25385
21539
3173
32301
28695
6425
23510
27254
15056
27692
6945
18756
12360
1921
20021
11919
20145
28106
2145
28592
22870
27320
30004
23377
19624
20151
9714
239
32225
30614
18669
32243
4254
16361
6241
23802
25120
20630
21531
27167
29613
8883
14566
20048
16764
27593
6539
5395
26131
5254
7643
28963
1755
25275
7323
20373
683
19986
16195
4713
26419
9162
28595
3486
20878
5264
10107
14957
31066
17684
28163
17145
4496
12144
6328
10337
5422
8298
20728
4982
346
29636
29224
16864
8583
28152
27010
13027
32727
12623
23886
28630
26938
12798
18596
20290
19010
32493
10143
30238
24700
18488
7264
13703
32579
9296
17340
7304
28099
18205
3956
12422
297
25975
2854
16378
5092
7777
9314
26435
8974
17726
14076
6238
27971
27073
10512
11459
29206
23662
28533
17980
13641
32084
28277
558
26380
31719
7168
7032
6733
30775
15513
13461
18610
26376
6917
15877
5776
31628
26770
9710
25831
11057
21904
13603
18176
2282
1093
1148
5735
5216
1722
18741
29047
24326
13127
19927
31761
28189
25213
18141
6596
16510
25911
14247
28762
32477
4908
29096
5115
27983
5423
277
12171
9425
14911
9142
11748
2782
10250
18540
501
14107
2673
12658
25059
21436
7938
31142
13238
10238
17100
9854
14497
7338
7319
14363
7015
18688
29638
4641
30002
20691
5156
31366
6847
19679
31808
8234
30047
21376
16726
8343
15536
30216
11311
27061
8318
25640
21888
31930
27505
8628
20250
25103
207
26964
17321
15532
6761
1730
31452
15339
5095
26464
9474
31778
24696
820
27480
10363
20582
7067
31878
31901
20678
8883
15996
6491
17120
24047
14497
9832
5416
6189
21932
21829
27678
18233
16948
14103
5779
24507
16199
2510
3780
1926
6289
7793
11793
6716
12491
4530
27402
14606
29094
2070
32652
4885
29277
820
9638
26723
28111
21408
854
13047
20568
6475
17662
10637
11252
25124
20499
13005
20723
24252
18464
22958
20825
25384
6584
19735
20217
4977
13349
10862
15466
4665
11616
17380
1056
4289
4765
18774
26278
22207
14828
5028
12200
28171
18239
14801
4242
4100
7829
31841
5461
11569
11396
11187
17533
10268
26720
11299
27766
3799
30937
11010
15564
17841
14598
234
12885
10467
6157
19496
580
32308
11512
11094
16627
19773
6324
10027
14540
10484
27370
18532
19090
1903
11114
4082
1862
18030
3687
18089
16569
31131
20159
8385
9493
8912
20398
27617
20510
15454
31071
1152
6861
9916
18559
10988
6735
22266
29356
20625
6593
10599
32717
17330
11389
31812
9417
17198
13820
375
29935
15011
31306
14162
7215
2892
30014
32522
8420
1656
24096
11825
21219
24611
15458
2340
25892
20369
1254
14989
18154
29242
6871
17646
17382
3156
8901
24780
18421
29526
26430
24007
31394
28516
18849
8719
11157
27520
20264
32432
2274
32087
454
10042
11328
25006
9990
8446
11518
12784
13317
22105
15268
18990
26872
15934
32015
889
22598
11570
32008
26957
2243
25439
16872
13382
3455
17905
2361
6953
27458
5072
3806
25398
13946
16455
16083
11285
14223
16306
6685
12520
3082
12030
23036
24033
7006
23280
6539
15098
17356
15981
8552
4336
12268
23081
2295
26255
4147
13469
20076
23518
27593
19
2604
1420
29427
22668
9322
1255
32559
15432
30286
8111
15974
28254
7113
21336
23318
7925
12957
2001
27212
18432
20768
12939
1726
24858
13530
3728
25848
7913
31030
2588
29245
9507
15130
19687
6740
10536
9531
3883
27987
11623
708
26325
26864
5643
32129
25318
15769
15140
23988
32224
20216
12128
31660
5250
14800
16065
9910
6444
18245
17485
24162
5469
25596
23537
322
26780
2959
2509
18910
22247
6275
1102
27063
16577
30630
29367
29663
28721
30016
23645
6087
15949
4030
13892
21836
12467
27194
21145
27710
9557
11405
11735
8430
10645
18022
4719
22472
23427
7459
10883
20358
12326
11141
26018
3803
7455
388
11474
18188
13700
7392
27793
26740
20693
32313
9267
25892
26703
29166
5023
24695
23279
9261
16171
26546
1253
8240
28641
20550
29955
23041
5949
759
19296
23355
8167
9073
10680
7131
4058
30159
14917
20569
24488
16061
17408
372
8911
28865
23482
24000
5278
17141
3917
13195
3888
15625
20991
22910
11218
3689
22280
11045
17113
29369
2354
1007
6584
18642
96
24970
20989
22200
8780
20913
1084
12095
12160
21136
12873
32723
14929
27008
28518
23421
18437
24320
22118
4144
3413
29709
23546
19937
12983
13064
11310
11539
1991
17235
10728
25237
18141
30636
323
997
21414
24351
12193
4175
25031
11167
12627
26961
7552
31417
23906
1595
17105
26302
3284
29864
25912
4345
5949
933
25280
430
7013
16157
25567
3731
12915
15838
5801
21042
29872
28989
31822
8465
13391
30152
30671
22552
15732
18959
24623
23882
31280
5832
29435
1683
22918
5248
2856
17517
9585
27505
8283
3089
24371
16314
27828
22458
11146
5566
14321
19725
26487
3235
21369
29274
7349
29360
11224
16635
25311
30338
31112
10612
18575
32285
23433
11461
25598
31563
15162
14570
21282
9683
32012
31848
27665
11610
18202
13577
15015
29225
7265
29880
8728
3664
23620
21216
19137
2717
7477
23497
16458
23600
11549
31552
30460
17819
7954
7823
28435
550
25266
25826
25871
28962
10632
23298
1038
25410
13926
12194
26797
3500
18124
9484
26841
9082
29672
13855
26952
19216
22002
12342
28097
16396
4713
20471
4230
27905
8452
18623
6008
2016
16727
32395
13214
4760
4622
2131
14284
3180
12772
6040
22482
30249
22266
193
17189
32428
3595
18833
7183
19880
3057
15652
18618
30375
30408
31538
13228
13504
29429
29358
9633
6762
17268
14412
10741
12813
18882
12103
8584
4268
18231
2527
18239
16641
29920
19441
1757
18896
6515
29432
6623
9605
31346
30826
20575
17078
29565
23041
17793
27290
23248
18080
1263
15368
32356
7433
2286
27604
23976
27330
7205
4389
18020
5092
31586
13311
53
23182
30010
24486
27126
24619
21107
20597
28021
20926
14439
6482
880
30446
12742
31126
17745
28574
11400
28651
2704
6483
20885
26128
29269
28533
3782
7250
5154
2436
31367
25775
15857
29829
229
24162
16292
17834
16623
19227
2029
31097
10235
32417
10091
9733
14346
22197
13518
27631
30269
23714
23244
25289
15684
28224
32027
8017
21276
5113
25463
22852
15457
18741
1590
29162
32337
8269
18964
16548
2079
27588
14085
32563
3892
17952
5573
32097
11149
32078
21621
9287
23056
10197
16580
11485
5286
20276
15559
25555
29677
7455
11861
2874
27065
16636
5448
21111
16321
22321
11427
18796
29691
15223
20242
27537
17048
14341
5366
29326
1950
13968
24215
23320
8657
25626
16957
30186
11418
20166
22674
3737
6888
17754
27514
19374
24633
32704
20053
1299
17063
1727
1213
19878
8582
11468
12138
32181
19566
4818
29529
9572
30153
13248
8250
4081
29794
28806
4972
28482
1583
19619
13133
17898
14378
29447
5139
5553
14761
15604
23437
13736
103
4015
23940
24824
27444
27293
12628
17287
11135
31905
20728
8886
514
7124
17919
7602
26894
28776
4761
9465
807
9399
8065
5448
315
2511
19807
16805
24463
18934
21247
1944
14237
25845
15242
2565
27860
32418
5760
24023
32059
20926
25391
29939
13729
31423
26609
8481
23691
27077
24209
24202
22585
14164
16560
9931
4349
10047
18458
32617
2389
25317
31072
15584
16331
32510
3360
26595
4382
3778
256
1136
1440
29586
5072
3399
29265
17182
5432
14956
20879
23829
15088
15772
2941
3040
17496
4261
27293
10378
17909
13577
7735
21811
11214
9610
17605
2604
5611
11699
1257
2828
32365
187
7439
8277
20647
9965
21944
14937
21445
28129
7414
10261
20529
31381
29582
17471
19843
7403
22140
10713
10878
1303
20864
30293
1572
27617
17691
11311
26978
20827
31666
2140
11726
29381
683
21817
22087
5434
18619
7788
7905
162
23961
11042
515
21669
19037
20718
23080
7841
6441
12360
5183
29596
13731
3378
6217
14591
10719
17564
5351
4718
7973
3098
10654
2893
3039
9817
20499
16330
13581
14088
11088
20518
3220
27828
23547
23529
23411
13331
6517
9505
26316
14184
16600
32624
28256
8685
31312
17402
28524
17262
11567
8050
19159
15087
18931
4304
5540
5428
13864
15143
22494
28277
29138
13053
21832
2823
17279
30969
18333
18875
15158
7500
2147
19120
10733
16711
25439
7331
13547
1764
315
30612
20208
16252
10294
7015
19373
27764
3166
19469
1784
11156
15474
13764
31567
23965
14249
23587
21886
24537
29171
23404
17979
28965
25519
19298
20810
32033
11931
7994
27412
15203
4208
21696
23238
9997
6881
24599
9090
19502
10964
28980
22522
12855
1885
15638
4088
9267
12262
19054
15310
29451
5733
972
28222
27322
6755
3632
3803
29290
26837
13320
7118
20195
14201
14099
5600
19147
29405
11674
3574
13898
4920
6249
22734
31276
4074
8229
15047
14619
16524
32038
32121
16775
25664
29563
25088
12068
11799
3043
9793
15719
29502
13935
31188
11088
11847
26399
27306
24826
28107
23081
27144
25651
9129
27404
7459
1280
1877
32088
23827
25953
31797
19490
7984
13662
1471
26191
5247
17034
7497
23170
27285
13860
17167
14171
30004
31899
28267
29198
5166
30413
14258
10517
19726
11866
27661
1322
14265
12018
21855
8737
21427
15251
23915
30801
24437
16572
11219
23392
15241
32203
22760
11062
8789
12272
636
18126
19292
15061
11847
2723
12257
32398
27510
14221
26455
23024
24519
20024
27183
23649
14592
807
14640
7236
31491
17205
5739
1161
28494
11371
32763
3202
30287
23201
18532
31006
18572
8967
30376
15998
27261
29474
31605
31957
21344
29122
12431
19713
18395
18251
25336
18632
4743
6756
21600
14507
4469
19633
9035
26594
27668
25187
401
11906
1339
10646
25369
14371
8751
4060
30915
2454
11647
16140
26982
28707
22400
15326
16616
25296
4063
8822
10261
12642
29740
17299
4074
31047
25986
31445
28808
19953
11922
5926
27269
6608
22324
15980
158
20888
29523
5514
17460
27170
8591
26579
28925
11463
1706
15200
30204
14058
32499
17860
7303
2007
1067
19361
25340
26316
3409
26703
15807
7155
16934
5452
29637
22627
6849
9708
734
25769
20330
32634
29075
9364
5017
31985
28513
7963
25305
14645
31317
14630
17632
2877
31072
16396
31032
7818
6188
18110
11748
1918
9618
22514
9229
2309
20546
30802
11416
25686
6441
10334
316
20354
2719
7927
13506
25979
9695
3093
2930
15649
27983
15345
6733
24293
15113
7191
26539
16866
11822
9527
27327
23287
21297
4286
32153
6403
24729
391
25991
24757
14372
1776
17595
31088
26605
13774
10247
11000
22773
30133
6741
7488
2412
15193
11772
7113
32203
24802
25329
5026
19842
14579
4102
6718
8499
19623
1397
6589
3319
26758
23977
17117
23111
3631
29876
31732
32324
29037
26075
15328
9393
32374
15038
16108
6295
15481
30400
28988
15752
27442
21888
32297
22130
8772
18690
18275
22284
85
31045
16688
31057
22733
22493
2839
17186
4943
22971
12161
24466
17779
9481
15932
11126
8988
20845
9826
2796
19561
9321
8033
26956
22020
28221
2717
30953
10282
12707
2426
32730
24832
7237
6617
8460
23166
9388
14586
29845
1086
18144
21877
18199
24888
19076
22286
13213
15602
21632
26541
27841
16326
12430
28497
24668
2636
14317
18949
13919
14829
6366
19823
27940
10956
29438
14402
18248
28710
28215
15056
2733
4685
15978
29418
7297
8563
23959
288
12956
21629
11807
12066
7721
17455
15067
12473
3286
22385
28299
4228
4251
24199
18213
4253
24334
19365
25605
20881
18415
26447
12039
17938
5812
19549
3178
8489
25839
20631
9173
8649
24684
30862
23761
15685
18264
9521
131
22897
26551
29894
19999
10004
26142
31497
21208
9237
5092
8172
3785
31134
16790
2230
2118
24024
21725
9871
20226
23262
27242
2316
5930
32327
7012
29212
24037
7994
28698
23965
7284
13650
30754
23873
32689
7230
29851
9042
14647
6529
15914
21880
238
10964
30326
28380
1751
19490
29718
118
4125
12365
27844
26242
4397
18110
3435
8557
11371
17795
20698
16660
22144
17702
31306
23385
32006
14211
8780
31660
4066
333
3437
8392
28755
13214
9226
24251
5771
12102
23125
11306
13739
14296
6251
13815
10193
21013
13768
4865
18208
13709
68
4899
9103
18314
908
12714
13163
813
18427
27389
12207
20931
13735
1966
25125
8010
24493
4040
16361
4351
29434
22563
70
18489
14516
1434
50
32510
3968
31155
6067
16123
8667
20474
22309
27815
4101
4259
30917
3257
1525
16254
16438
23126
3210
24547
30641
23245
7476
27580
15548
7947
16403
26749
15359
13609
16669
7162
23874
25409
31857
32451
24925
32313
7833
31712
31416
6594
27963
29358
17787
23377
16692
4524
23843
20850
14873
7562
27845
18359
25294
31441
24960
26124
27286
15412
19352
11661
21832
9201
119
19826
21198
982
6439
9028
3601
11941
2443
19338
5928
5336
8402
22877
6000
2967
2566
13980
24492
16638
10333
9352
32201
20017
9832
19636
2974
24250
8999
10510
2041
6168
5171
27570
13228
2230
7663
31941
3830
22710
21077
8664
2526
5323
19895
27886
22263
7592
22847
26107
28728
14373
15906
28654
17536
1908
9727
10060
11565
3417
3725
32120
1392
11713
5287
5859
25978
28650
2442
30145
6734
13510
21943
7907
1675
17004
28049
7782
6248
2436
4363
7533
15373
17389
15840
2099
28573
23187
12233
24389
21450
11514
2931
1050
29873
27478
6271
22997
2054
6206
11092
20552
17970
8599
30332
3688
32121
23831
21327
3795
4852
28198
11967
12594
7371
9254
5613
10958
4425
28081
16693
21042
30966
13745
21307
7725
25952
21527
25214
24959
12991
25643
30205
3844
11326
25111
4129
11190
27398
777
29117
28970
17699
22024
19467
4183
989
31352
14659
8697
7910
18105
19551
13940
7214
23748
32299
4105
31402
405
2659
4537
12499
14189
32333
13105
29480
9217
5365
5390
32114
115
20609
28887
23217
28600
22254
25925
25788
14713
31617
31571
13837
22941
8917
28295
7914
29435
29221
32316
19320
30072
24471
20313
11942
26440
27658
22352
31883
11545
4821
7928
26864
6606
16721
26340
11027
13261
8746
16214
23506
2957
30603
1967
9892
8921
556
25713
32503
22482
20347
24328
18782
4118
25594
21549
2884
29319
20115
23960
22788
28286
22709
971
22997
20311
32509
21487
14772
12501
7795
28148
28629
10284
6392
26289
13795
4685
18451
6066
25205
18544
22048
6989
32754
8968
4465
22188
31544
24424
20567
23755
18919
1717
2817
11631
768
7581
31313
32515
21476
28169
17124
9323
9420
29286
14195
13997
16083
23268
21913
29882
2952
15205
5931
18804
11002
17606
22087
7489
14712
4834
31002
17566
1056
8469
2616
6032
11156
8221
8792
30594
6171
23325
3805
4983
3175
960
23912
11236
24579
13660
26886
20745
32660
30056
17166
2462
1042
25889
11674
8905
22943
30081
4948
10694
15043
1336
26608
32558
29732
11861
2813
8418
5322
2956
25563
31060
12796
13802
17775
18999
13896
31386
13392
7306
19886
1170
26841
6945
13321
22835
16876
14377
14014
6971
27563
29017
17820
24622
8985
30293
2124
29889
19744
11805
11088
27386
6762
32185
6675
11657
10397
14740
29867
18514
20239
4997
18177
18725
27581
5946
14599
19535
1923
30526
21479
6226
3441
20015
12740
28356
14072
11576
32394
19298
12299
29362
19710
30780
31319
9940
31222
17580
8452
17083
22726
30093
22688
10475
6889
25673
19498
30409
13408
10406
27941
23932
6039
1521
13728
25143
10488
23884
30232
26998
6861
18641
20102
25690
30856
31250
3485
4401
28107
21840
6077
21399
13499
7958
15242
11243
11536
6050
26658
21036
32609
23676
29971
21713
9698
14296
29520
25824
23343
2457
27943
25429
6922
32267
19018
28292
29323
14882
12949
31959
12996
1588
28631
23783
6242
2283
13389
24439
14018
19609
3621
25856
15978
19336
31001
12901
11792
26137
7665
4851
15494
16690
23564
17433
4081
26510
30550
29243
7543
18420
15835
4444
23596
2824
31464
18456
19695
14159
28968
9810
6466
31088
18689
7977
1417
5967
25187
10040
2607
23308
7584
9766
26235
12843
18855
20302
18766
29410
7782
27034
7677
32299
23586
32293
3297
13691
15331
3473
1686
188
1741
15097
1267
6602
27850
26181
5119
28243
20708
28361
3537
19098
27618
3040
18650
1641
1863
7940
32739
23943
30698
18246
5769
13478
9719
14849
16885
30524
20176
24156
5241
21218
19578
1398
10386
25602
2116
31596
6778
27327
22952
28233
10167
32249
13153
26016
18732
6419
19478
23910
6570
5871
23199
21651
19643
17179
26693
21009
5858
29811
32500
4864
8525
6854
4035
26666
21324
24734
28123
27873
18544
22758
14464
8871
9040
12083
31953
7510
17097
19642
29149
16207
10365
951
2789
1923
31824
12066
10111
10923
30992
17735
31397
5367
8926
15379
16152
4640
13490
18709
16668
25181
32453
29928
102
17908
13692
14754
23893
20692
25241
32662
7137
2585
9855
4416
14788
11042
162
13179
11692
20066
18058
16827
12095
29544
2875
29373
31233
11381
3916
26375
21528
19960
10468
17559
29379
32307
966
23445
15825
5180
19910
12796
22507
10800
2991
12632
22156
17706
1912
10222
12898
3279
13859
31340
5033
32642
2852
1354
1189
4610
5340
12121
15658
13119
18306
28533
11629
4785
30295
10149
3340
23551
70
16115
26139
13281
9085
5433
7075
15033
30621
8035
26619
17894
14531
19747
2986
7721
16673
8833
25704
7123
24348
1248
21068
19410
28982
24330
14695
17127
4806
11026
18981
31995
26263
29096
4250
10111
8662
14424
28846
31367
26889
4822
25265
9845
4712
3074
5
27963
26507
7774
21267
22803
11950
18296
21014
16870
16142
28470
5494
13766
3858
13880
15213
5100
9917
323
30280
19042
2924
4961
31186
32257
6313
10790
29551
16148
22923
30760
18136
27044
15496
19444
22146
6659
1559
2062
2097
9091
5782
9955
15392
30339
22245
8228
23465
26267
765
22578
6498
3875
27848
605
29249
11244
14887
32405
10102
26976
21778
28253
21189
12710
21695
2239
4015
59
30688
27157
14285
12074
3940
18904
22043
9533
6032
16816
18119
32407
8498
13985
18972
15889
1772
17274
18707
12701
29526
26779
16138
27057
5760
19854
27250
8982
13664
25632
7779
8150
28379
9691
9502
2
20503
13005
23579
13546
7495
25226
32726
29006
1400
24933
19086
31369
23036
1074
8884
3369
21293
24316
9195
27859
15686
28221
16655
29224
23182
18475
14439
6935
19191
27504
9250
28914
21672
1537
19029
28522
20301
7521
31638
30936
548
12810
20492
26652
25155
31235
4401
29550
22875
7242
613
24918
3515
4527
20841
2412
25129
12984
28786
202
7380
22603
24770
5976
24454
32681
27607
16006
28124
14266
13492
24451
15926
31944
26591
10068
11549
28186
3325
31363
2746
2308
12176
13601
20810
32274
4626
8801
13970
26146
5538
30510
17067
17138
24773
20517
1579
17483
28408
6285
4431
30929
9880
8892
764
4492
20556
26493
261
4647
490
18632
6521
9476
868
23682
11285
28251
15830
1951
2806
30447
7067
32652
31280
1569
15636
12442
554
16486
17943
18317
6658
18827
25804
17129
157
6287
6279
1509
21742
10643
15656
15303
24794
21196
3805
30265
16674
29817
23999
28418
10861
6046
24885
31818
10193
16109
24902
6444
28570
8027
13357
13803
32443
496
855
29844
18468
26626
12148
12520
28060
29714
6270
7722
13401
27039
7187
30965
29535
6258
12629
28181
26280
18892
5665
5173
31589
18960
11871
12607
23121
9156
29948
1141
18964
7542
27884
8186
432
26432
30442
15796
15657
4183
23915
17580
10325
8957
20802
29457
796
19581
27004
6927
5766
30308
16657
4415
7326
8029
21892
32002
16189
32599
25820
30952
7870
387
3106
15631
538
15459
21405
5826
18536
20657
27561
24936
4657
10940
24708
21812
8430
5417
29134
20260
6080
6202
10050
7653
19867
18361
24770
11047
25378
11042
6233
14018
18259
22793
9262
5024
3386
11303
24603
26739
32157
345
12881
8685
10084
23970
3604
25649
28792
13404
19413
12212
30015
10213
24988
29569
28301
6787
15075
12178
20037
26763
12142
32337
12981
23499
16659
7152
31872
782
15912
30697
9785
2842
7003
4440
26154
31357
22755
15544
11543
31714
32653
14885
11176
19994
26695
19881
12789
6724
1132
7891
29880
8015
22932
21275
16954
18240
26683
17637
27227
13659
4698
32233
794
16640
16465
23800
23973
13591
20684
21050
3290
442
959
4828
31405
12453
31697
31016
25731
5622
6532
22342
29598
23747
13787
2295
19272
11553
9113
18664
15264
19117
31971
19439
26287
6897
30481
18897
27916
19499
23286
6160
27846
28373
14879
3373
16647
29184
13365
19977
30692
18344
11749
13777
23999
20735
23671
24913
16999
10817
23978
4227
10839
27359
11210
9493
23985
11842
9136
13483
8772
20235
30846
14631
29851
11051
17020
11290
5729
25165
22172
24280
3771
14295
20759
26200
14959
9609
28183
1161
30538
18732
13719
2642
17904
19458
15208
26842
28830
27569
1804
23504
26043
13259
9
5115
1337
7719
26827
8762
16617
14704
10750
7112
8149
9883
17282
17135
7709
12681
20396
25158
10888
437
27813
2028
17617
5244
11506
26949
30145
2200
27007
18598
10059
23801
10502
3512
29796
7544
23067
26752
31079
60
9691
9231
31609
31158
19781
19156
31900
16468
6875
32192
29976
22316
24175
8261
13585
6359
4577
28384
31649
12434
2943
32701
30521
30487
12775
3600
30413
16402
12172
23898
1743
12339
6423
28491
23344
20408
3385
28894
11290
3048
2180
27703
12729
5396
3074
31792
32257
4253
26797
28832
20150
16813
8472
22647
6026
11933
4589
12686
8222
24049
12443
21632
23772
16535
15466
28679
1606
14140
3037
1825
17553
20017
13012
17573
27563
17794
1822
6412
12074
14151
24705
3231
14612
10212
12229
20786
32364
14606
7355
23403
1565
30780
516
4780
13133
23390
10502
6115
4895
12447
15121
30692
19764
18079
14795
26854
1056
28851
6530
23391
29983
6279
6438
26864
1936
24029
8301
4988
27668
29359
17
10038
26865
29985
695
26457
23500
19567
15145
8854
24262
15328
9080
21083
12322
13011
24539
18389
19017
11421
13710
14641
5863
26773
23875
4073
13128
27956
17988
20267
18472
937
1061
16968
23720
28985
1541
27023
19523
7992
21084
25927
19931
12020
13414
13601
11545
5975
29456
17451
6877
29403
22356
30907
30743
24319
24361
23255
13929
20187
18526
25307
28302
27751
13472
19514
11222
15495
27725
25891
7505
27516
25666
24448
7283
25525
22495
10438
7537
6769
17204
19599
570
19673
32444
4488
22113
13723
12131
13112
29766
23777
24359
16841
18207
6964
5362
15162
13218
5972
24387
31898
7309
16104
10981
19028
5364
24815
2258
28135
2050
72
8588
4634
11401
32741
23449
27391
23954
27411
20820
2990
31819
31491
23098
25624
2953
6257
26391
15172
4455
18239
8525
28627
14433
7720
863
11781
32215
26630
7903
28217
15843
20288
9796
23905
22802
2018
20512
2280
27192
17976
14922
10416
23104
22450
16596
31549
7773
11097
5580
18639
13481
5183
1030
26123
14808
20670
12099
6303
13405
1329
3109
3969
5229
15788
9386
19377
10549
9599
31201
18250
2582
20162
18066
