18216
26887
27885
286
31766
11257
10322
28034
16784
31129
28957
18035
20179
23029
13159
31019
13523
21804
25967
7368
21420
31907
2177
29974
6552
4330
7671
2872
23716
21180
63
18685
9494
69
29960
620
18199
28179
28497
28654
5822
17813
43
20566
2565
8769
5330
3893
15137
17061
5569
24850
4153
21459
16
24406
25323
25128
20517
31285
23242
14031
32504
27160
4367
16211
8811
28365
1132
27706
30743
20309
9230
18877
29128
10914
11713
9070
16146
23819
13842
30279
25786
5264
11328
31815
29367
2958
14084
13953
6904
26321
22345
8445
25751
7649
17056
26837
21244
28391
18886
5935
15423
7494
10158
16252
9650
1777
716
20823
27881
215
31865
12780
14361
11169
12227
32646
23325
30928
15702
6597
10004
12838
5747
3602
29131
25868
9951
19070
15900
21389
153
4173
31786
22077
26341
6161
14843
20144
23326
23831
13493
9637
6013
12853
32438
9044
8099
11785
2050
4585
2099
9302
22051
20874
31437
23825
12855
3102
11828
31484
21639
9477
3437
19655
24711
2550
9111
26595
13948
15558
2829
22432
8582
2639
30113
24827
21267
18657
25993
22515
21122
8746
18987
9782
31516
7704
30726
11321
1958
30765
12299
22793
8554
3572
20731
15420
10265
16012
4529
11269
17531
16799
27591
4664
21156
11918
10635
14304
7213
4118
22570
27102
16426
13425
9442
6632
1292
1580
25834
13
6957
22964
29841
1657
4527
7085
12670
3191
13210
7991
1161
24642
12661
9723
8370
22768
16487
28224
1325
5773
10387
31418
26721
2311
18259
28306
26835
21146
8080
23248
16302
2853
28092
5442
18074
843
22350
5328
8915
32573
10290
14294
2380
9027
24796
19339
20604
17836
17254
13454
10520
8157
8307
4552
5359
7976
19832
13327
26398
1129
22793
7291
9352
9058
20273
14242
3757
14532
30644
7
4920
3089
547
4630
3148
852
21728
26523
6950
12016
20614
12545
1772
18946
26301
21872
30277
28223
14730
13614
11047
19024
7380
18257
14860
6009
17820
21568
30219
5777
15042
23589
7751
5012
13676
25368
28946
7846
32557
7222
20729
27154
7916
16979
31052
14383
19574
4865
24650
21221
26469
14445
12806
26662
25837
15390
10729
16724
4408
18845
7275
2955
12302
4222
1287
20410
4870
6563
24477
28289
32491
8300
23411
495
19696
15994
29667
29487
12464
11978
143
26235
21018
28461
18404
28844
32253
14332
18361
24988
9037
26038
21242
18846
24972
19405
13417
11924
18906
15192
12067
29568
7762
15637
25736
17735
26746
19479
20128
12797
7416
3205
6898
22297
25856
5836
26107
25494
20171
17914
27448
26461
25033
563
4721
24443
22681
25198
20328
24199
12077
31348
4249
30406
25968
26861
31867
9499
17092
2792
16602
1326
13766
2843
21806
746
11789
2528
4929
22100
31316
24732
23010
21856
20152
13135
15018
8101
13426
20288
15126
20019
6452
21166
21634
30058
19829
2387
31192
31949
13509
7701
9511
16697
12578
20561
11111
18609
10561
13345
1964
22324
24329
26965
3339
28838
26456
3023
7390
21838
8773
192
3587
3074
1567
10260
23336
25968
26208
26680
246
28871
19473
19617
5596
22046
7849
2227
28164
29060
25475
1989
14883
9162
21828
2859
23721
9862
21187
18397
17522
21546
19199
27757
9318
373
22268
871
13757
17188
11227
404
14364
2341
8911
31337
11347
16414
5649
26246
7511
25285
11073
28059
9045
16669
31389
4116
27898
17919
7963
24998
8496
242
11783
28876
14141
23918
8422
6155
9193
29618
27857
11630
24408
13332
22785
8458
28545
14592
2082
14832
2965
12107
14541
27532
30843
6060
26501
9599
28510
15154
8773
15011
24821
7738
7484
6631
27225
5621
20963
19609
12030
25612
1000
8823
27887
27737
29681
3042
22406
25998
4013
21389
7925
3832
2559
4872
8175
10100
1507
8266
14118
23792
22126
5518
30355
1013
1241
25591
2849
20899
23168
21635
4638
18264
14161
21434
11622
8186
6698
26246
12762
4567
3686
5780
7142
30048
7978
18336
4082
10439
27248
10896
3463
29685
1311
734
29044
11730
2487
27836
23704
8583
24112
31870
28119
26231
25181
29583
28638
784
25981
7199
2556
8286
14956
25042
27806
14616
9511
31705
7808
5313
15142
5642
8251
18097
19035
15255
27529
4309
12675
20777
1194
25365
11149
21977
25591
8408
27882
6816
11813
13245
23485
5612
23781
25675
21399
32618
21963
12921
17185
31028
31385
1705
25653
5280
14153
18041
26342
16032
15531
20290
20122
15433
12118
2897
11970
6233
8329
21446
3366
1533
25483
30530
24714
16214
32238
22572
25688
5889
31483
12931
25954
25250
22149
3598
3266
27233
9218
7763
1403
29157
12526
85
4913
18865
8451
3294
5562
17413
32509
16084
6970
9456
13006
17002
27575
5828
28613
12635
10193
17079
16350
13343
13238
7739
31103
14354
26679
15491
29622
2707
1152
6077
6278
22311
7926
17566
10527
2638
11141
19402
31696
20729
22054
2834
9303
28022
7581
23530
15666
26604
3978
22962
31720
23547
24376
6022
5610
3941
664
829
26910
26108
23319
5012
31864
19262
6868
2037
3623
31219
1707
387
28911
11719
2868
18984
18202
21458
11514
4332
20414
25675
14557
22898
28700
2210
27110
10970
27999
20324
27330
16035
32112
1349
15710
4585
5604
24502
645
2984
7329
26357
8421
25592
31010
17669
7086
3733
8073
908
10072
14122
17511
240
26232
28638
1055
14211
20569
16228
25872
7845
11444
12189
13909
14961
5857
23040
32755
29528
17064
18213
30924
22766
19190
9562
5299
8036
13613
23478
20774
23696
19716
379
23590
29680
22484
23502
971
24389
51
22433
19156
29809
17984
24157
25339
4340
20675
32599
24661
12904
29626
29924
32338
25609
12280
107
7650
11990
4465
28456
28761
16221
16238
2916
5204
28504
7160
1258
27935
13292
365
20195
20721
16891
30310
27742
14380
31315
4074
6614
29579
29105
15306
2520
24784
5830
20131
463
4426
22568
18230
27596
17339
23752
10447
28026
15104
6658
10561
2015
27918
26010
1254
22909
23068
16252
7964
14954
14027
30414
31844
25816
24516
6954
13860
19807
20119
28589
25447
22982
2486
15793
27538
25939
32254
24769
24697
20722
31464
26964
20652
4911
17021
30082
19866
24509
8685
8530
11451
20661
14603
7985
2571
13368
3105
694
6663
31882
6565
18080
20676
12308
10783
3405
4926
3436
25861
19536
16415
4325
29892
16678
25612
32586
28838
16728
15380
27814
22642
26480
7440
18548
23544
9741
19906
10743
25272
25930
12791
1551
25023
28990
19116
2126
4791
24381
23549
6832
20948
4220
2339
31130
5623
18433
27015
17166
27614
563
2950
24268
24531
23171
30412
8626
20302
24691
31018
24342
15652
9455
26828
20926
15596
18506
18431
29487
22999
22112
24897
7561
21430
8979
1979
9342
3999
24647
1922
11414
21964
31057
24422
19650
7749
26813
11717
3583
2157
23366
11495
12212
2634
21546
17012
7352
7792
3333
25341
31510
8860
27692
32184
29032
10360
263
20658
5241
15693
24489
9227
5195
27655
26472
14255
24425
2365
22174
22703
129
21848
19001
540
23288
31246
24402
13858
4959
28224
28727
24509
9031
23094
21661
11454
4871
20304
17749
6438
15257
30208
17945
21812
5655
6210
24600
30840
23252
16016
12388
9012
32040
1723
998
9530
12825
11007
27599
4296
2070
13652
16127
1769
24251
27451
6603
11600
4847
22774
16938
5562
875
8247
8494
10628
21699
30735
21581
17525
1047
15173
23597
21910
13009
32051
23587
18619
15845
16412
11343
7377
7200
20269
18609
3802
23883
2676
31361
21689
5032
7898
13122
31149
8552
926
14678
5768
28112
4196
27696
29682
14005
25975
5417
31357
30126
17305
7447
28373
12803
14289
20924
18890
6221
11600
5161
27158
4372
529
21842
15620
29127
30593
26224
30695
14701
26865
31605
26669
6902
18068
18186
13382
13238
14744
29618
26130
27608
322
25368
3484
7369
5465
10750
1315
3279
11616
21577
12617
3302
1230
7971
20680
15360
23458
15746
24647
3414
25123
17618
27292
30076
23697
32411
4328
6008
2861
21771
6454
24188
17950
5690
32209
30718
659
10927
1857
4071
9569
17219
1804
27109
2770
15068
5324
10836
12714
20835
32039
16238
11617
3422
26307
24866
9765
30105
19085
6951
15206
27120
11713
6655
21949
14286
28032
10558
20621
3095
26143
11711
31409
8772
18561
12917
20007
9882
31637
12216
9317
7367
11
30674
20412
28980
23771
32157
28032
3387
22977
20121
15777
21386
20995
27957
27200
19247
21709
6553
18491
24601
20105
12584
1744
30415
12253
6534
24564
21496
119
23837
25113
30854
850
7286
13520
3118
27521
3494
27627
24636
13403
5413
28061
5801
1954
17427
4567
24416
21662
11421
13800
20204
12989
26321
23917
32079
29927
4413
32178
22797
5667
11264
22977
21386
16021
26520
20331
17260
5725
23119
5932
27802
11110
31130
13564
12028
20710
23196
29973
21314
24002
14052
26321
19767
9927
31207
26201
6874
9149
27851
9045
21216
16958
9005
3086
3548
1516
166
18589
31803
8805
17157
7933
7812
10625
7307
14880
12973
11864
15226
1909
22467
7729
19036
9879
17131
3000
8718
1162
9374
21515
18334
32738
8647
16285
7635
14666
1383
22770
17172
10096
32004
25973
4563
2944
18037
18956
12350
28791
24493
29949
17077
15349
9846
27158
30760
11664
6755
8565
20972
7506
10821
25644
18156
21647
14182
24069
25979
13018
14075
15322
6793
30117
17121
24987
25936
3432
1157
27732
19420
5858
7916
17575
1182
24003
28712
29420
8857
3946
17234
5360
13801
7307
15413
4130
25452
30002
24474
11132
4447
9778
30058
20274
5223
5620
8989
7558
29827
28364
21658
9300
12614
10869
7730
7085
11642
24982
5945
16891
5622
30953
25707
23857
31331
16745
1419
17076
22950
18893
32417
12803
5819
6832
14545
29272
3856
12239
1285
19319
7027
20631
5572
19823
26548
31216
6746
16733
3212
23226
11854
17865
27021
27062
22539
31046
8189
16391
12485
6785
12553
27893
980
11404
28485
21958
23844
5900
18608
30571
13182
22779
27434
18756
19772
20717
11810
26581
3955
32675
23001
24306
1421
12881
16685
11992
10759
25675
12818
28593
28566
13747
21806
25935
29228
30063
6699
8897
27391
13047
17510
24282
22975
12466
20541
29405
21809
20119
23006
15140
22436
5891
6709
17590
23737
14980
27254
11755
18323
9982
12099
2115
13009
185
11083
1053
18221
7970
13946
22316
25787
23069
28928
29257
16915
19228
17930
22494
3576
22066
15564
13875
11310
10697
27118
19886
6653
3179
1760
11349
8532
28260
8278
18196
18674
18851
5241
21819
25903
13957
30613
1801
2817
6218
25784
13940
22476
13335
9923
30670
13233
1788
21601
22901
20685
2377
26603
11430
26754
20743
20059
3057
13393
3764
10187
19538
28881
988
2955
4474
10895
14865
23054
884
4194
27892
18167
16602
18243
15205
12734
28730
9114
4893
12798
18313
13156
12841
21032
4408
6286
26756
3197
9124
16949
19920
27788
4700
1812
27389
25119
5629
28846
23533
32730
5983
9921
30316
1161
3801
2535
24400
20134
5449
2488
28161
11782
18766
31093
8418
11519
14346
15451
10191
21143
4326
9225
32374
8622
30876
31765
28860
7292
13160
20074
11721
12749
23204
32355
17948
4629
22996
9299
739
15546
30522
13823
18624
28091
25574
22438
11518
32443
23620
5012
3467
21281
16460
24696
4199
3672
30395
8549
16041
6489
28850
1029
11791
30686
19823
28574
11935
32739
25035
810
30287
3549
30612
20474
25203
3973
12308
17631
22578
27357
29425
26395
22357
25572
17544
27639
17959
26905
16031
32069
23729
3567
31549
2102
12467
31411
17077
8649
28697
20963
23069
26604
29406
7235
9807
20004
15674
25914
26258
22641
7747
1616
12297
20303
10303
24042
31256
3211
19181
24503
4524
32596
688
8636
31449
6409
20883
13260
20063
4852
28370
24858
4952
14347
9896
10219
31077
10883
11277
20417
11650
32533
27138
28925
5307
24593
21933
30888
13665
10304
10916
14190
29807
19627
12795
7279
4650
8836
18851
2905
20306
24157
1328
16064
25385
19779
2946
24747
7947
24543
18437
28523
1743
15574
17865
27218
19130
15778
8960
11456
7305
13671
7125
23728
27066
25969
7241
12738
4992
22258
30487
21899
27189
3233
29370
20692
20981
24887
11357
17178
14373
18540
29461
11712
27975
11440
7760
17963
23717
5474
6913
32516
9274
210
8813
29401
13926
14740
32376
8770
31094
21892
2747
14097
1054
27398
10583
24971
15598
28264
5194
12268
2187
4525
18745
5538
44
6686
27407
19647
24408
13954
26412
11686
18230
30757
8471
19100
534
11225
286
7086
1487
3502
22305
32469
30236
21983
30918
20463
30040
1871
11108
1957
2286
31864
31751
23110
25380
32639
3896
23186
30916
18266
1792
27115
32113
18827
5711
29801
18136
14198
24415
10578
29187
29239
12515
19599
23932
10501
13412
22438
29610
28564
31518
11724
1095
30440
13802
13078
2314
8054
13261
5847
10767
27643
19393
15321
16629
13614
909
29223
4811
3848
5393
23814
28513
4455
10987
25104
20379
6248
5781
16955
2586
23774
11410
30479
18772
31023
13502
23048
32600
11911
31800
30945
7380
23982
9754
19117
27044
24652
20446
17742
15453
12148
4091
19787
13982
24165
25391
28750
19981
31873
16712
11466
20585
23839
17104
17054
14843
16929
16091
31055
28063
15023
28613
17919
12587
8443
2216
347
20319
16266
19626
32175
9566
25102
14402
15127
10628
21480
19814
12178
27774
1597
15463
17827
30087
9105
24589
6850
32330
27497
31990
22607
28219
1906
1452
4290
1074
6417
18932
31818
2266
17270
7990
28260
16509
32688
6930
1113
8483
23693
19443
7579
19457
5048
26809
26850
31383
31070
14095
2466
16384
32567
11873
7291
1199
9684
21583
18710
27718
2427
8051
27993
9159
13207
10982
11029
7039
28669
31369
1676
11788
20259
22783
8769
30229
437
15343
9831
24249
7035
19980
12121
15387
20579
12945
32600
9354
4722
9584
3521
14556
20241
13351
16630
4236
30531
28679
10882
5024
11049
14122
23811
11949
28
2395
32510
12618
10674
15921
12617
29658
15116
11619
30119
24741
16950
10423
14922
484
16699
19733
29628
31235
12643
12935
3196
25480
20478
29154
2431
5613
17800
5525
4592
30114
8970
3907
14048
23734
27065
19477
11202
7865
13901
22173
32067
24047
12106
23271
4772
9056
20147
28566
5033
4684
2564
13734
639
6234
24330
22665
19189
19807
23722
14818
293
29527
10633
32201
20613
4110
12505
14821
13889
11624
22920
13853
18100
10446
15850
1532
2047
20120
8947
21949
3781
17744
23127
15902
26782
11590
7265
30941
18669
26432
20155
7809
20878
24692
12137
21155
8567
21359
22852
16302
32406
25168
4658
14906
23687
19358
11936
11308
21463
2267
15423
4901
15170
10688
11196
25476
11288
472
17320
10483
7447
6030
4546
9215
27824
16356
14512
20433
21316
28479
17376
19942
29598
18221
5768
1381
1761
26769
11944
29466
31712
25682
4845
8977
30725
13113
162
20933
13168
11118
27454
23952
19664
9686
18430
13868
12874
17454
22069
1381
30958
710
26372
24166
21339
18289
148
13235
1831
28406
11633
8075
12401
29100
10849
4131
5694
2971
3804
18947
15833
17559
19162
25675
7361
377
3334
8586
14555
25491
28725
1115
4440
28707
22239
8408
8315
3789
4734
13754
29827
3125
11382
11300
14271
10232
14408
11536
15258
17901
29342
12107
6469
13935
24659
8347
29309
3756
1529
27452
1795
4254
8604
18579
30546
31983
621
26167
28527
9261
19421
25838
27017
23743
20750
16283
3623
31316
29652
12656
23288
9057
2394
13410
27696
3545
19660
15712
15787
23574
17926
31482
20717
14190
24410
21276
6150
27768
3962
23314
20166
24197
6076
32592
207
13484
25261
3364
3170
8980
8062
24774
11374
10133
29355
23498
23256
21478
22739
10461
1843
30569
11419
8635
11016
25912
906
32661
27849
11663
17660
17479
17390
27744
12795
9601
31244
25056
24082
7552
28089
20714
26306
5262
18005
14677
12004
15876
7335
24155
30753
25750
24408
17602
21889
10851
30709
15960
16877
22887
16684
31960
4777
25110
23083
30376
13102
12311
27806
14043
14249
30975
20116
31461
10069
2441
21890
135
15629
23655
15202
24737
5004
6579
22485
13971
4669
3936
14923
19429
19682
14227
25080
2207
18279
23648
28533
14450
6332
11098
30141
2435
16015
17694
22365
24165
31518
6016
8694
21813
25774
2160
15632
4152
7662
13075
30609
27995
13836
27554
47
15282
31485
14707
26234
1700
12782
10614
22385
22735
22276
25673
7903
7738
8132
6677
32069
26361
11280
8239
3530
7738
18830
14225
26551
27964
8596
11562
20347
24795
3392
2719
32209
27091
26631
18448
27083
23919
25271
7226
18030
7128
21549
31899
18879
26829
15375
19051
31379
3309
15951
27535
17037
22026
31402
20023
11453
23591
20882
8524
20824
4593
14171
22242
27879
23329
12653
13908
29799
19096
26261
557
31029
25240
12597
14358
238
19567
11815
21189
15470
8905
29256
3777
21064
12298
4028
12387
31339
9345
27075
20699
4587
8164
28420
6109
29447
3514
24446
30643
15367
3343
3074
30423
27383
23219
17805
31731
26568
12745
15685
19887
25992
7539
16235
22745
23101
11656
27528
2122
20728
27259
21892
10980
1844
15539
13850
7105
25882
23012
25483
30531
29024
8206
14499
7262
95
7430
20960
2422
23815
5049
6402
30827
4399
28984
26575
29755
1655
8953
14716
13765
27418
5396
6172
31022
22829
20427
21168
29716
29946
6517
5214
25602
29131
29948
6601
598
2211
16785
28321
21438
12666
31419
23021
2935
29061
3420
25845
11643
15452
31193
21933
30103
16934
29339
15984
18580
7787
16427
913
17605
5818
19752
19757
27584
23767
32252
18639
24893
6394
6601
11539
32626
21552
23381
20829
2007
2305
25783
19380
20466
27427
5532
21655
14945
27497
26161
27394
31201
30824
8028
6181
23221
19687
5586
13156
2193
6321
13157
1257
10513
29889
32309
1776
7247
13074
4495
29082
5069
10897
14572
23864
19522
12129
25060
428
29738
7616
26404
11603
29339
17419
25690
11817
18550
30346
1698
15934
6836
20477
10418
6110
5167
15790
8512
13760
30587
25403
2701
20811
27182
9983
30413
18763
14414
19252
27687
18498
5021
303
650
29649
26896
25736
20024
25919
12188
2185
11080
14321
31818
2560
13136
30250
30610
19262
4710
5625
22669
13496
26732
15409
61
23299
26486
4543
12632
25103
25493
6813
24357
11679
23664
30099
14194
19333
22376
4666
20186
32674
11130
12573
3127
10260
27684
20351
26910
27894
15654
22190
3100
23375
19774
19227
12017
7023
12584
31237
1936
17641
25512
25534
10756
6450
31004
15466
32068
10515
24768
5052
18833
2665
10010
19475
14362
26469
17137
4685
13197
7829
30388
24314
11066
5815
4898
22720
23314
22580
25300
30891
26531
13485
8368
18181
18920
20791
19778
25153
16480
12876
23001
2515
8366
18603
3630
13174
14365
14229
27448
26104
17426
15039
8009
19700
22349
7727
31516
15683
11186
24192
19093
12884
20760
11393
3281
12412
26150
32349
12957
15810
24435
21047
18594
10234
11403
31787
7907
6139
6462
22211
31469
2293
16283
1271
7472
32168
23918
3410
17853
15917
16526
32112
7718
11532
11590
6740
18182
2950
16095
16639
26538
9495
14372
5615
12929
27826
29068
28848
22735
16368
30869
20585
22577
15978
22867
11566
27348
14118
17539
17068
32750
3895
3281
12287
24220
243
1075
814
3689
23972
31468
16219
4998
6703
9356
16621
11815
21038
32649
7216
24507
10334
22147
21824
8900
8927
13837
13188
29164
6327
25461
24912
28635
28818
11941
9025
12319
1177
31451
6382
2186
17568
15553
17736
12619
30957
26527
6880
17827
724
27415
22212
5423
2294
5873
20797
21484
18312
29833
6059
30852
19354
8005
14462
10819
19355
24364
7761
12900
28920
31641
21082
12116
21721
9285
23042
31695
7643
18441
1904
9338
26495
5963
4110
12102
22115
20064
11690
6205
7173
19603
4701
20636
23249
6462
2998
32621
10566
2414
27945
21592
12575
2881
9100
30598
11061
22886
5258
14442
29696
2239
25983
13743
12255
7769
15614
3974
28944
28450
25685
20785
12373
26611
9122
626
25430
20737
26012
9289
29077
17471
18565
21024
24207
13588
658
24483
5451
15162
14244
10925
5424
18808
9569
10754
16829
1296
11447
17330
2531
17173
30276
9523
3559
30874
30981
25950
12393
6713
22116
30388
17758
27434
20926
22156
18496
15002
2869
31239
2907
8361
31062
13587
19257
26559
32595
28755
5764
23403
4544
453
28927
9321
18278
11884
27453
18286
17555
23174
19827
32658
30395
5765
16886
11359
25382
10167
11105
7213
27839
14098
11080
22956
32108
2127
19971
23881
16676
20549
6475
24935
24127
10169
2767
29636
2602
26796
11255
13420
19370
24722
13860
12391
2206
25852
14725
6682
21366
4582
25829
8413
13256
13429
10154
14367
8948
30351
26852
6367
30104
2329
26087
23708
17869
13490
27780
28466
25333
32339
11723
12142
15320
6030
15887
28908
23477
261
13438
32728
31570
8745
568
23870
11964
4851
15192
26899
4170
5225
19342
10257
19918
17941
12374
11905
15886
9895
16543
14070
2927
20834
10793
12420
32349
22705
7662
9962
30599
1643
31162
16838
20249
9755
28322
3642
22746
31233
5108
18798
30904
20189
19325
11757
25478
6118
23480
16598
28546
1280
29975
30776
21805
22624
11289
25753
21472
21240
13629
29853
11609
32326
386
7147
13213
21032
7730
8647
22397
29820
9110
4374
2324
17709
14037
58
3450
26400
10743
24969
10278
8679
30240
1073
2456
32002
21194
7139
30705
13737
8465
14361
8669
28826
27668
28607
15180
20550
16919
12265
8252
30135
31610
18985
28747
7393
10847
29764
31006
31043
27026
8461
6078
25229
21815
22844
15977
5121
2280
23000
9842
18848
25040
18319
11774
15340
18392
25522
29946
2026
21934
20346
259
3083
25827
5666
25839
22072
17115
25096
12027
3070
9036
28489
25463
30683
32050
32127
30484
30722
29674
24894
23360
26894
29852
2551
26502
17058
25499
32731
18530
17235
13250
18869
22530
7132
10106
23363
12594
1851
30524
25124
29174
10494
24919
28642
2592
2945
5076
25167
26160
8616
16131
254
31622
29687
2592
29488
11081
31459
32234
13231
22804
3073
28894
11282
9124
5046
17844
30743
26701
23904
9278
9332
776
22814
26765
16939
16729
23205
10807
23612
4618
688
14704
4713
26788
9811
22200
6116
7329
26378
29870
32278
3178
22720
31194
30295
7681
1662
573
16208
19894
10339
19689
6696
30733
26109
8234
18085
6677
1828
32042
2592
25881
32640
28180
4990
31688
19565
10393
9562
22340
31243
14099
29965
24533
16023
22436
32458
7419
24029
6169
17926
24305
22242
18799
28824
22640
27322
11498
25254
9204
5551
26748
27449
8532
17707
11178
20994
21571
21977
25247
24015
27149
22922
12677
18382
19098
4417
3603
13949
32547
30758
16868
32720
25524
2924
9022
23627
7834
15035
5431
29543
13017
27639
30081
15755
6462
29876
3234
2970
23421
10500
1385
31362
9203
18234
25452
27159
25626
6892
14996
3485
31906
5773
20410
27858
4531
16175
22910
14605
15194
23430
6161
10221
29793
14324
15595
11399
32528
9777
6995
1010
10025
12754
30093
18813
1533
17204
16295
17944
29249
21597
964
1396
12782
7698
23064
6373
14806
20371
602
6479
17030
18538
23473
7712
716
22365
30118
7110
9645
14817
8481
8755
2148
9334
31290
10660
8167
20543
7273
29821
25964
13183
6091
21337
9598
11227
24128
24847
21291
31950
30136
24595
15483
267
13540
9314
18706
3918
28291
2967
6033
2641
1396
12283
12908
1688
3932
7195
24447
16928
26406
9444
19269
26372
31802
26026
14411
30679
31133
29779
15703
16888
8488
1813
16775
12954
20524
14898
24591
11477
1235
22072
19222
20050
5766
26930
791
1869
11229
5497
24794
11534
5468
32174
31059
27483
234
12034
24429
10939
10983
25010
8533
6890
6113
30233
11721
11456
11897
15393
18845
12979
16076
1238
16639
25645
9017
13791
4967
9799
14199
2547
2406
12574
29454
19262
668
8771
3523
17840
30700
29243
20505
15793
25435
10266
25437
9288
19500
12649
7910
26577
2589
19753
6092
7313
17085
9543
30576
8140
19518
16813
26893
6691
3636
18301
2466
12201
15761
22411
5905
2299
27927
10287
19942
27597
9773
30910
21425
13230
16297
10565
13000
3185
10151
2118
25802
24445
21907
29402
30079
3092
9111
14055
7465
12272
3109
12015
5167
19621
14232
5355
5453
10413
10901
15784
2241
32537
7864
3069
17055
6874
11544
9219
28643
32147
1007
4412
14544
847
32617
3343
3054
26216
21432
12862
17049
3556
6172
3813
5664
20826
8637
7701
16749
1051
19282
18638
5295
15466
3590
22447
17095
14863
23104
27217
8776
21080
23218
11486
24436
30803
25921
18389
7655
18574
10636
31219
30359
27207
13660
754
5681
9319
16037
28709
21105
10199
13587
4940
14760
26752
26759
12430
28826
25522
1090
26291
6035
25799
29651
17545
16411
30574
4408
11417
7536
32179
18820
17230
29047
31967
27266
12448
12034
23777
3156
11208
10920
16347
27360
21174
30389
8701
9665
28976
20734
3020
17968
21122
2280
3840
7260
525
18833
10477
6867
27645
27480
31567
14998
7080
32104
31655
17772
32188
26189
1437
9342
7919
14378
7917
8986
18031
31388
28485
23781
31501
17495
18688
29753
6622
5976
18525
12119
8843
10879
13461
31942
30422
3584
28518
20115
25476
15676
24822
22651
9251
13352
26039
3905
10990
9500
959
17921
11702
9783
14172
10233
10112
30814
9166
26255
25549
21504
6055
11267
19599
23902
2034
24874
15772
3363
15480
16537
19972
7701
16534
30636
4810
22237
7714
6657
24026
15573
31149
3789
23391
2592
24570
23149
31496
32488
32561
16275
28578
20127
26144
24185
11506
5812
22439
25917
14492
22703
32175
12710
18051
30028
31815
19118
10292
13721
30538
22965
10431
19361
3544
12592
5457
7979
28283
31104
7425
1165
7949
21519
18953
15956
6973
29000
28494
5220
22000
20882
27031
22530
5656
14417
31456
10207
16836
1323
2360
23028
21257
17615
6656
11708
23438
7437
4908
29604
15380
6452
27332
11626
22665
12744
30419
19876
3793
1163
7792
1515
14205
7572
11739
19363
32750
14213
17139
5083
17275
29400
28039
28344
7683
7289
10780
22972
28517
3121
9647
17567
27782
11059
24015
31095
4762
28296
31980
4628
12582
26125
13160
19984
10469
30383
5917
17002
29885
22140
3248
17368
28837
8149
4447
19136
15339
4775
12629
25640
21533
26037
10683
1077
24096
16633
27838
19505
23038
30289
1833
21664
2387
19194
3641
5664
24485
10086
23690
14697
20334
4458
29343
18386
1039
5806
8509
19442
10783
1609
23859
2935
30967
18405
22671
19152
15234
1234
8450
18428
12071
19603
9559
11471
4624
13326
9872
24228
16011
26477
25055
17907
2084
12854
8332
27304
2009
26516
24355
8765
31095
8547
7529
31290
11749
16241
13629
24023
31923
1807
1955
9429
19172
4245
30324
4568
12294
12249
28384
31697
3557
4706
7346
3004
3103
7676
24131
20836
7301
15396
12438
9000
28708
8087
14847
29114
2296
6077
14684
27260
6760
26023
25149
15330
7448
12557
29720
6300
31248
31395
5672
31329
14301
21035
13080
3931
18656
14912
2321
22749
14856
7861
9537
6913
5556
7186
6558
10437
15626
6347
28484
7775
9613
30766
27513
10040
9909
32333
19064
14525
9246
26766
2516
30627
5874
13381
22680
5484
10177
11711
30570
4559
24151
19931
15129
9995
4246
15899
32279
25528
31081
14568
12001
27316
29684
28236
6454
30484
30541
1308
9907
29684
22514
10677
28323
17376
30714
28999
8074
28099
28326
32652
27261
23567
12654
28622
705
6348
10204
2294
31104
71
30357
24535
31027
13511
12922
3746
2671
22496
31821
32189
10943
7592
8623
1746
7455
13404
18042
9935
6735
27090
3987
18531
13441
22125
20341
14356
25981
17571
28205
6518
21093
15388
7043
2342
20185
24645
756
4478
7158
29611
14800
22976
8055
24906
5828
20010
22526
633
6070
24787
32223
6496
11846
19420
9682
15401
20045
16697
9569
18274
10914
4693
14085
26117
5883
30123
30026
30820
7832
19877
24671
17263
2198
24690
468
22887
8535
31704
17035
25638
13997
27590
13632
13524
5485
24829
16575
30533
6459
10735
13220
8577
28931
12162
9647
19965
19485
16110
21396
25881
6382
22402
22354
28945
27127
5184
13936
9990
17503
24250
11393
3095
28913
7490
236
19871
16978
19376
25772
13050
23765
30326
28632
31473
2883
12584
3785
23131
15764
4494
16755
4365
12606
4354
19896
7460
30653
24177
7695
7209
9423
15099
27850
458
20670
3136
6873
16852
4448
30981
30654
1453
16964
7722
30934
22654
23907
12296
10841
22989
21395
7296
17030
6893
27803
23229
20862
25815
13775
493
13280
31489
23717
6713
13334
26556
3424
24229
20410
2480
21716
25303
20317
6527
6900
13099
1067
19544
31273
26755
16303
9052
8427
29567
19134
17780
4737
9110
3642
8764
25429
2128
29025
17658
13081
26587
399
29362
19642
31139
31613
9910
7757
9612
24381
30911
23
9505
22309
5076
5683
19245
12262
909
28948
8842
28316
31139
4359
11956
24614
8886
7853
18541
15072
28884
18139
1710
15339
1288
4232
10752
10112
27001
18871
15116
18662
15498
22925
28983
7782
31145
1576
27859
26172
10154
14886
20876
885
19201
1571
10193
11023
16291
9789
9779
111
21821
18793
25612
8084
21
14682
1847
19684
27537
9545
14130
22468
17826
15949
32579
16246
6659
4166
9047
17947
29972
9444
7959
23766
8670
13308
11111
13049
6175
20219
4886
22586
1652
24723
9117
22810
28224
20209
23603
27684
20993
26124
20321
18406
4196
23316
12187
14552
16616
1103
11567
14561
6475
17168
8058
18309
10612
19051
3912
3886
19805
19569
11517
25478
13683
13881
2802
24799
286
3800
17045
25568
17626
3653
5889
27563
31820
3943
24968
28229
17616
2286
2056
29984
12802
19564
4259
29750
19741
1387
20904
13458
14466
1473
29972
4471
28073
9624
16292
19076
30783
8197
22297
24217
12732
31703
2830
5485
31443
4209
16524
22981
15079
26175
20857
5298
25692
29281
29323
12508
24571
11037
22031
7279
31738
7661
30796
26963
31341
21859
6241
11541
2506
29318
1734
24911
22413
3769
19703
4259
25524
32481
13835
17774
30783
6980
26107
29589
360
1720
18447
1140
3415
7393
8384
24607
28453
17372
21659
19436
13632
20711
12529
27567
23499
6582
10137
23132
29762
28319
23482
20754
13724
19075
14531
22954
31824
2627
30432
17166
28477
16721
31010
20960
32035
9366
6101
31593
25319
1980
1559
1950
27691
19304
21747
18024
7290
15121
12213
24811
4086
32054
2530
7180
5224
28260
14099
2244
17822
18262
12384
12535
18421
20264
30302
25546
14176
12555
6794
3559
3429
401
12465
21683
25850
5663
11088
12424
20779
6215
8578
1680
4705
20700
18008
531
31478
23717
6766
29437
23984
31535
2876
12627
29754
17873
24417
31812
11506
25185
2343
8458
25229
21683
2842
3488
13439
7445
5141
3913
20930
19851
4158
7840
15995
14585
288
14241
26081
22891
21759
30548
24156
6566
5628
1788
14065
19416
30293
3181
32091
14814
14990
28580
5458
2531
19126
19143
7378
23900
31612
10475
1202
30574
1540
11840
9689
29413
20917
29663
25772
7584
8532
23240
21742
3026
13463
23663
15460
28233
12170
18264
6232
25192
18000
23103
3505
683
28312
2
20520
11188
3301
19713
14972
21596
6480
1573
7697
10486
21647
9097
6837
12572
29704
4012
9436
8701
11563
12958
28434
18409
18307
5293
8087
12942
22749
22221
28627
17049
6033
23326
16652
8994
20785
6237
20938
21805
11667
25793
26718
6696
25109
1362
2325
29355
2801
2027
7942
29392
4599
8067
9041
27257
2164
12980
27855
14315
23089
4081
24302
32681
28304
28725
27457
19260
30813
21571
10035
14755
15068
28437
10734
3750
27339
29149
11111
8712
28981
10848
12301
19506
14764
7538
22147
26014
6699
19549
12762
7236
860
24936
12776
13947
31186
5010
2284
24782
5915
14373
22016
24978
27262
13030
15606
315
6256
1840
11487
1260
32095
14828
29842
28159
16916
32159
6835
10789
2732
30428
8945
19699
13750
5518
25630
10343
8329
22729
10414
3140
28277
29457
13958
29691
749
29100
32348
7344
3942
17865
25917
9588
9690
17738
20362
14516
24899
11033
21412
4225
9387
7265
29542
25166
15348
24947
30392
25456
1018
26399
23761
21047
28868
7938
30134
10779
915
18618
32529
23392
9554
19862
4068
30681
775
2580
20213
413
15524
29684
21921
31044
12898
7008
3733
6993
12621
31607
31868
3837
13373
25878
17444
28627
10201
15318
8904
8402
23770
10788
28307
18242
1799
12526
11933
26252
9004
16975
11423
14001
27904
16561
31028
7222
30607
28674
20478
31763
30966
14190
15522
30939
5703
13428
222
7962
6231
10615
26539
11237
31942
32712
161
30705
9072
14891
7269
31457
10188
24832
2766
7707
17898
16969
2884
17977
27166
2078
1926
3312
11376
9611
6365
626
15073
24325
6033
20159
4850
9973
25029
1564
23330
23313
1824
5106
9594
11049
16170
14762
4586
22876
26797
1249
5815
3182
23120
23327
10476
18326
3466
2660
26430
24983
15052
31080
24215
14595
15734
27676
22893
23349
18870
6705
12883
4247
29248
6050
26676
32150
21074
9394
24284
6840
20844
20830
4291
4957
30835
31246
27895
7558
230
19445
7602
13434
3846
6552
1201
24123
7010
3586
31182
4514
23593
16316
30951
17378
1985
23412
24401
5212
24557
29318
28293
3239
23708
24139
25352
29790
25616
32689
32012
22699
31805
20422
9657
28758
21343
15765
11967
21430
7468
29760
16480
9726
5074
23992
3748
3949
27986
19663
20380
10348
30785
20451
1963
17779
20636
32289
29630
5868
13523
12045
12616
5752
20979
19073
410
23788
11825
28377
11971
22384
12208
30214
14070
6378
19932
24727
31956
29595
253
8722
3527
17899
9101
11630
25577
2872
16385
7998
24804
22291
17693
13005
92
20788
27189
28163
10232
26188
17706
6426
20975
18301
8510
6287
2491
7633
12220
2043
16570
14413
29743
26705
29760
16696
6002
4264
12263
7772
23039
16799
28935
8808
8582
7594
16126
18472
22507
22870
17126
22386
21911
20712
23448
10672
4094
4834
30802
10853
30373
29075
3922
1730
25781
25330
14909
22192
6790
4106
14944
9487
18259
14819
8083
11843
27399
15743
14218
351
11857
31722
1710
21347
18844
22775
4088
14636
12480
22614
7374
14628
17152
91
8253
8607
28551
16182
4477
26717
21472
24010
18029
15432
19999
123
21195
15996
28103
24911
21560
20327
15007
21615
26054
24019
31189
20918
19647
13908
8808
10621
7217
2151
24561
8256
28226
20363
505
14211
10157
10620
23746
31502
2128
2193
16618
29714
3384
1342
19080
20816
32428
32678
16655
30354
8616
24932
8294
19140
10481
3864
11804
28257
30090
24807
4236
3399
30942
25608
27019
927
30636
23602
4334
8407
22553
32254
20890
3706
11347
13708
6083
21417
18121
385
28855
14467
29345
18776
2571
13491
31779
6570
14356
20831
28273
1280
4205
2598
3679
13694
14135
10037
10311
4943
22861
30848
19398
25613
23993
18112
5158
1355
7143
10374
18446
25143
26225
13557
29085
14111
30741
25572
15050
20921
9382
14698
10743
19679
7053
4898
26386
5758
26960
20787
12555
1645
31502
10006
25436
31032
5905
5899
8133
24439
22298
9696
27143
10112
28766
22525
25609
17730
14560
11724
19612
16568
6194
21952
23855
29582
5977
11304
16600
29296
25064
628
19469
9104
7148
32171
1530
11040
4597
12139
19400
28282
16129
11159
31916
9353
25539
29315
13456
8696
23920
11380
10567
12818
2549
1824
29566
12754
458
14410
17085
12944
25620
11568
19322
21970
10300
8225
8239
13937
25445
17282
17668
14393
25534
7824
10660
3621
23757
27879
31474
29319
22736
5863
24165
23797
3505
376
17853
9703
2643
4975
7391
11018
17521
7227
9996
12436
423
15907
10235
11059
22519
22578
22920
18262
11293
31205
31874
32093
2153
17898
11530
5620
5234
28172
2303
30619
9331
20530
13649
11728
30803
20931
31698
29807
22738
6780
7403
15902
26273
32379
27327
19872
31497
24076
4503
10948
28678
16999
11527
18523
4368
31360
15372
32218
13603
15459
9675
20950
5840
31896
2217
18605
10531
2022
24132
26627
28581
1981
17504
9501
27865
23017
30601
3883
5716
6435
31046
11576
32206
5627
16929
23118
2724
14492
15469
22791
936
13323
4945
25859
19528
18908
16548
1620
8445
4611
18066
30561
12843
29923
4352
23605
30932
26464
285
14572
12862
24779
21543
4350
27241
25474
2144
6170
7130
16541
22150
11176
25502
14979
15578
14524
27815
31592
15627
27944
14930
9669
31879
15223
23150
7072
18789
20082
22240
14884
14790
12925
19715
8510
13459
30307
85
29485
16268
11672
6018
12979
12349
13078
9687
7218
18642
9405
14817
11735
7164
6091
20897
23121
15712
4959
2046
4416
9618
21847
24813
15538
9899
20124
5854
9165
14184
14009
2272
32170
17130
13374
12661
18963
31345
13809
1420
2071
26110
10971
27831
1513
19811
26243
22524
1250
18213
931
30594
7708
29041
23043
12571
14358
1073
20352
3286
3086
3169
25066
31982
4622
2403
28376
1267
18314
30068
25652
25901
9048
1969
9799
16444
22645
13042
28365
9045
18858
29360
23864
11389
25584
16305
12543
23834
5269
27290
27475
22581
22318
13079
19327
10850
16586
18662
18820
12355
15880
22086
11525
245
5638
14894
18249
19552
24772
16642
8164
27064
24450
436
7340
185
9762
24381
30942
21420
6786
8526
18161
7523
6082
5214
28312
3666
29707
22108
27367
8097
23816
25739
4521
5104
6301
13572
18426
9159
4601
6228
24024
27318
8911
4094
10746
576
25870
8883
23097
11400
15671
9744
7683
1997
25679
8979
23183
12379
20764
22163
3824
22858
15584
20203
31118
7592
16754
27967
31493
9419
17503
2001
29367
8820
8261
26473
16190
10798
28506
21319
31274
8846
21805
9601
32348
29599
28188
8540
29078
1064
9268
32582
7904
11997
31434
1722
22895
17548
1225
20167
12184
21960
29129
660
26110
11692
15418
9736
13483
28731
31545
7652
5429
27896
13785
28707
14623
23457
17409
21803
16065
18050
23993
16127
30258
29509
26454
5420
19657
19495
23218
32121
14087
24282
4457
9098
27413
25951
28741
2660
24123
19006
25870
12798
16308
29738
10284
14958
14008
4914
31939
1781
28176
5029
170
17413
27046
24116
26848
1335
14902
22550
25926
11777
28173
13989
23489
31211
30706
696
21992
20384
15313
15292
1993
24022
14836
26996
27284
29101
27421
3209
12769
2038
17530
23620
16590
25358
23544
20921
4223
22855
2700
10218
4425
144
18017
16083
14905
7257
20394
16688
30291
30210
14710
18263
22331
11099
7399
9210
12045
18008
4985
16677
2524
1376
32759
20155
1090
19994
13281
21438
6866
31742
5799
26199
9511
29637
25580
15467
27025
89
93
9129
18794
32044
11337
11067
27919
12827
10357
25112
29402
28323
23534
5230
31744
14289
19625
2441
17619
12248
20510
11882
24850
6836
22010
12706
22409
1667
9794
24899
18302
27164
8211
26449
14534
28238
5032
17402
1945
30416
12328
27830
28064
19741
29669
5687
20619
3582
15687
17611
12228
6281
2584
21402
16854
28393
16292
1599
24527
15135
7730
14837
20024
31316
23470
17574
2910
1846
6096
5869
25811
12954
15756
25315
25582
21900
9713
18528
29034
15735
586
2517
18678
17971
6685
12075
24394
20850
15937
27837
3298
1344
22623
6626
29583
23858
18159
18890
11705
29327
16729
22476
24986
26262
18827
31524
19813
17600
27581
3199
4904
1335
2660
28292
23815
5046
24525
20615
2920
789
13187
12798
19103
26246
5488
6605
4035
788
26478
11751
28508
7888
18394
22586
5853
19875
19812
9914
21437
19861
13278
217
28651
30679
4954
20995
77
2355
5912
32528
9054
4763
15342
14874
14838
7684
28222
31765
7532
23876
22552
20284
16576
16433
7449
3467
30229
32351
18971
29160
29286
20727
22761
24851
17332
8201
26293
10370
4861
28195
6616
4380
2369
11843
25565
3827
20036
3962
19951
20606
23928
14667
9341
18859
15349
4555
26529
17501
911
20308
15614
31734
6991
13353
8653
24763
17780
4090
13375
23557
3053
19801
20674
6298
25008
17510
19044
14301
13388
2420
23752
2656
28470
30371
28535
12661
9842
22400
18433
22700
21746
9646
4784
11364
6233
10389
5439
4085
30299
31593
20051
20204
4464
3033
4659
2380
4326
8993
2550
6420
10569
11397
30856
22747
23197
17323
12954
23042
5103
26041
9651
26606
27945
18505
2077
28399
16583
476
23784
13841
21819
24573
258
27978
18942
2934
7520
23573
15574
16258
7216
22742
6679
11654
22756
9838
20129
23208
4403
21347
18720
29466
21502
44
32400
16217
13382
6456
2120
22175
8301
11328
27955
23801
6807
29843
4844
32739
19451
1719
4247
30114
32543
7420
15293
6546
1801
15389
22881
19077
9486
2194
21696
20253
19656
7565
14388
15239
18583
28717
30661
23431
12160
7991
947
5932
31691
7902
15084
9890
10321
12027
6112
18907
28172
9337
20360
8911
776
20433
24626
7626
28224
979
23976
177
7856
3685
22760
3082
2468
14683
24399
29566
550
17212
14722
24168
19677
5606
21000
14889
32520
2735
17618
25708
9090
19448
14699
22809
14860
14603
20912
16507
6732
8911
7186
9144
11500
24056
27711
22800
18508
18027
18813
27090
30982
12676
7313
17807
31611
7501
23740
30596
17697
12860
8027
12067
17140
25694
2873
4632
3543
27364
25078
4955
243
2421
6672
25353
8808
12780
12249
32625
6806
18146
27553
19529
646
2344
20319
8555
21374
6445
1914
1754
32560
31823
29455
8208
6337
20142
18204
13555
32514
3704
13843
27176
9471
1661
7900
9449
25596
30448
13994
11740
28729
739
21343
11244
28841
11619
1988
11563
4205
2897
15903
14868
7124
16806
20352
159
8320
33
14545
30968
12180
15018
15351
12373
27801
28730
17663
27196
24195
6631
21777
5813
27102
13467
28123
28493
24767
16509
30018
1136
30742
5560
4878
14654
17822
9534
11724
19654
31007
11558
14086
18647
19435
27875
32766
7599
8159
9035
22414
1360
29920
30553
10581
14551
19390
20875
8708
21045
26445
16234
55
29465
5729
25221
15841
7161
18332
3679
19188
3353
4191
1938
18279
733
22417
18123
32439
25845
18046
18858
4916
25794
16983
8873
15017
23041
18362
23435
13031
9713
8161
11123
12433
20567
14040
30341
23684
13729
4325
27835
5941
18354
8009
16007
26246
996
10394
22804
25133
12776
9453
28951
30318
22439
17800
4579
943
8080
25298
8967
29728
7332
5665
11444
6372
28979
26760
2505
15619
18591
27366
16752
24731
7847
3298
6012
11005
32673
20593
24761
23140
777
2928
15927
19487
11182
24168
17222
31451
7573
26105
26596
32348
5883
413
12219
25507
6003
10589
20390
15953
27851
22407
9581
18914
25601
13052
24829
8485
18752
20553
6855
8551
6364
28196
19125
29140
23654
708
16456
27889
6967
24493
9537
9007
1444
32150
20310
27205
1955
8714
3959
430
4134
27849
11629
10076
17993
14665
1775
23161
4265
728
25454
9508
32496
26662
25417
8974
5148
5202
17280
11727
8423
15320
1524
31827
20640
28105
22587
20982
9298
8971
32478
21596
14629
21667
19464
30407
11127
23126
1682
10160
18016
32414
2178
23618
9069
30286
20028
25737
10825
25277
9146
10062
10194
28871
19872
4585
4491
28631
22694
18006
454
17088
2732
16651
26212
31852
26779
27750
28074
32269
9302
17436
24447
19569
25448
25515
4688
27529
15371
13135
13934
12076
7262
11917
32350
9483
12660
25023
31248
29659
30322
631
9579
28615
15840
23658
424
32015
2271
4986
1421
8730
10060
12538
5199
28845
3238
11841
2903
21254
25937
1421
3249
2667
19191
29099
18968
16485
30272
12841
23784
17530
27425
4340
22611
23283
10026
27077
22887
13048
1068
5686
810
4278
17159
13148
14147
25694
11557
4666
21625
6134
26108
10755
32282
3672
28155
13430
1070
11396
22655
21033
15471
23987
20648
8659
28085
13649
3692
2356
32453
23161
3784
12742
551
10523
1741
8690
18580
13189
15609
19974
15104
14817
6456
21129
26409
25671
7366
13880
25722
10195
16303
18840
21625
2970
28951
21947
5237
27194
11167
31896
6546
6184
14760
32547
29915
9227
2603
21450
13635
25409
4340
16043
9531
25063
23388
19498
9547
10291
26406
19738
16871
26295
6121
2332
15123
10064
19000
28394
1706
9462
20716
142
7748
11316
25956
12810
24761
21446
2788
18370
21079
4401
29388
31484
30974
17294
21294
12515
17927
20648
26089
27690
5683
5426
10780
15708
2045
18825
964
29626
27161
26173
29156
28778
31754
5479
16620
1567
4225
16268
21091
9947
8793
22246
28646
7492
2455
29892
15906
27947
20395
11244
28872
13179
8013
10099
4126
26261
7365
9018
3001
17872
13380
12244
20699
7170
31661
18629
8255
13025
8035
17444
25615
21727
12916
11247
31809
15980
28977
31310
18973
31334
30061
28105
25398
9649
23530
2596
3934
14803
1816
607
22368
5311
17116
16685
14140
7222
16034
16493
28303
3043
16787
16882
8437
26685
16855
11645
8789
14630
8070
27292
31438
6188
8302
18490
5812
24923
15444
31739
26282
25135
18667
2749
11909
19596
7037
25058
30391
5551
15158
32353
22211
27776
30337
25568
15626
12446
31765
9419
14816
22170
29755
2439
12591
10963
16828
16586
17135
122
7738
10020
32098
389
24992
5733
29027
19377
2451
19421
14657
9931
11631
10555
31996
11989
32722
3890
25563
27499
3927
19559
21103
20955
12935
25898
1670
28562
10836
16151
7936
2919
13347
14271
5162
6576
17893
28503
26330
16720
12829
13097
3077
24359
6084
2346
19388
20486
268
30846
27813
2780
6764
19492
3713
29359
29763
64
8373
8671
27084
5061
8169
16305
9003
32104
25720
20526
17024
5784
9083
11488
19078
27210
21086
17889
30432
4707
16391
22693
26399
24305
16464
25044
19023
12653
17119
24985
24949
3312
8611
10353
25194
25254
7510
11873
1413
14862
10904
10320
20035
24223
29673
790
24224
32366
9910
11493
8938
29202
21009
9446
21285
30563
16331
26375
10618
15253
27742
23746
27761
19212
18459
3112
16274
19121
29334
11153
3184
16179
20299
26885
9724
941
751
18868
28519
1370
21
15276
27178
11084
17456
23363
24892
22546
15517
13648
22206
2297
22641
15527
12441
13708
7537
11184
2608
3255
4524
23630
19381
1871
321
6086
1412
25294
5919
20480
30698
29801
28645
23603
22793
11356
5221
20342
7316
26061
20243
3298
30833
27795
1067
19733
25107
30868
2098
12875
13472
17274
7483
16540
2574
17549
13159
28114
7245
13523
24416
16542
2132
173
6817
5431
2102
14323
25101
2662
1845
32096
931
3895
2522
9378
21581
10496
3517
11258
31281
21291
19711
22065
24687
25261
9504
7960
7244
25849
24133
14712
19805
19530
24653
6302
2579
1353
15093
24483
28111
29517
8222
20921
4747
9753
933
28685
1499
3902
20150
24004
18944
28323
24039
5161
24761
16980
20237
6722
5523
1914
5261
25327
28638
30784
27605
15082
31124
1001
25953
30068
16514
14462
9190
2052
4540
29204
8394
1764
4529
16210
15695
16174
9114
12137
22131
20683
31931
13189
4721
29809
23782
17810
16332
9655
14177
7344
11052
5482
14328
14753
6614
24473
27502
19973
29298
27128
15779
29786
4547
21769
605
21184
24339
5837
11783
27663
32596
6735
30297
4367
5429
9462
15148
30289
25496
22120
26774
4264
9041
15233
17112
18801
21715
1528
4794
9718
4351
4832
32220
7576
14519
9326
30252
31102
23710
19594
16622
9005
7496
1051
14267
31219
1072
6314
8124
9216
13864
7125
851
3504
24058
29423
22555
6199
4688
2086
14791
2
12789
8728
4388
1704
23636
11578
2780
11468
17172
30715
12255
32456
19309
7929
11763
27519
5273
6928
22004
16484
5588
15897
14639
2747
12847
21427
16534
30964
32408
27231
15499
463
4100
16521
5963
29420
12517
14016
17207
598
2464
6832
29201
28943
22775
27938
2901
14752
22057
23317
30204
16380
26325
1312
12534
6654
8850
15917
17551
15514
28797
21601
24865
31052
16322
5065
9185
19854
29514
11736
4757
9402
31909
48
4223
20795
14396
17507
26166
9345
21322
19051
4410
14203
7678
27430
14834
25471
23959
3278
19656
32627
12657
9933
13890
28991
10058
8505
28858
25669
5926
28217
3350
29076
24290
1540
15489
22406
29312
27976
19160
30109
17537
15359
1940
17673
5780
4836
28381
10787
15082
13633
32757
23340
20423
16837
9109
26946
12830
6030
13645
7928
23788
13298
801
9683
26002
32416
31678
16795
18251
14711
27083
21648
28592
18998
24401
1012
18188
11349
18029
31778
27162
9404
204
2355
10360
12585
16220
31891
25663
2688
12932
15210
18944
9273
22606
15932
31169
7789
24394
20370
21045
20420
28952
9799
14932
9038
3429
4034
20092
26578
18612
26894
29335
25104
24669
13869
6116
11737
22167
8383
8635
9839
5370
18180
8234
32146
18095
21339
7315
7848
17726
16366
22652
21414
3710
13090
14296
31218
9999
10105
13814
23145
27785
18105
23312
5374
21660
29872
31185
23718
25347
6740
19803
17707
22033
20816
14143
10839
26464
9019
7443
1409
122
3645
7398
978
28608
28283
795
4844
8788
28271
25016
17077
14962
26541
20328
27383
13442
26108
8882
7640
5596
28792
2555
24732
24049
8634
1996
15572
20737
26639
29274
11219
30564
5979
32663
24996
7829
29484
2336
27163
14279
4750
28253
28811
22641
8266
4924
31616
15363
3360
22549
4100
14461
26280
20693
31548
25364
2093
6650
3691
25529
12206
32050
8590
12121
14415
3270
21328
23294
3199
9463
32551
6887
29847
4314
30624
30129
25251
29603
8376
25178
16291
5277
9360
12929
3041
4335
27906
20900
13519
8706
30767
1054
8767
31095
7820
6180
1907
20538
18604
14669
10308
23392
18695
8867
22146
17048
16772
28801
17112
4766
32576
1119
19678
17825
5026
17588
24704
12347
16547
12007
26982
23221
22796
26315
19818
9256
30478
27648
11805
6482
737
8781
8188
3468
6287
8351
96
23270
22168
25226
28712
30284
18109
16724
5797
19305
10277
25014
8011
11630
22668
10407
5900
22706
21093
15208
228
12849
3351
9249
17455
5190
10954
23491
7601
28384
4421
8303
30894
4392
12045
17813
25848
32180
4161
17714
30600
23594
1949
10060
7689
1381
29322
30872
26164
272
4228
26787
29718
30339
27005
15103
32613
29144
21315
11553
9808
5522
29880
32241
10081
6278
11146
20078
16475
17338
17237
24014
14998
29916
25699
28938
30804
31874
31059
3275
6958
14761
21375
31888
10387
30289
1612
13340
16274
22544
13059
21266
7924
26387
27812
22214
13935
30099
14231
26035
40
3451
13109
31627
6822
16316
8936
25502
27399
14938
4659
29451
9278
440
2701
27436
19075
11329
10476
15831
12276
26116
19643
15400
6732
8238
2102
18700
27951
24671
9724
8215
7334
2502
30801
16949
32668
30598
16580
8523
1029
4356
17185
27887
4785
29794
5025
29279
1891
14490
13978
27049
7365
8283
27564
15380
32760
13016
21520
9662
32185
11351
18110
16828
18319
10608
20608
10980
7013
15951
29240
27905
5923
19848
29979
25271
13943
1673
17804
17667
9125
32541
3455
21352
2341
9940
18166
2596
4803
3335
1516
30316
22873
32630
29803
16477
29090
31455
26030
9371
5712
7313
20982
4569
3656
29354
17255
26767
23288
7616
22910
4972
25324
13878
27211
1367
19110
12921
20916
9685
32532
18902
13602
4635
24343
10379
27833
17437
29334
1631
27394
11695
746
3520
29630
5506
13705
30856
27974
27612
1046
1998
3205
6581
23106
19466
29838
22875
15977
10725
14199
6206
23693
19820
15083
18940
29855
14851
15415
2171
6568
10373
4559
28330
541
1652
293
18734
13931
18911
28823
2735
8694
17452
23704
15932
7020
11610
12942
10199
15789
1978
3282
20350
9411
7823
32537
7432
6206
26683
15303
18807
29399
16707
24126
1891
10084
15592
25246
5140
25522
29603
6416
13928
13293
22875
11326
29148
17393
18653
32414
25560
10033
12005
28534
26134
21635
14757
21099
11513
20066
24627
23673
14543
25104
12706
10387
31260
25827
20239
942
22256
30805
21818
2160
8614
23812
27846
29387
9549
8361
3059
12673
24071
17366
26542
4562
8679
677
15266
19918
11514
1332
29292
23347
5079
12702
16099
24232
15331
30324
26771
13531
22981
28073
18200
21200
1526
1128
3855
18071
3250
11146
11681
31313
356
10510
30589
24049
22028
24689
23553
3101
3759
8383
9651
10533
3819
8781
17771
9121
29358
20786
30025
18286
19421
29743
4752
19453
28664
17758
28147
14588
477
2310
2736
428
25703
376
12402
10777
30603
2773
23762
4580
18165
8917
5919
17935
9593
25265
10255
15490
10050
12508
24516
30300
15125
5037
29191
30757
25499
6162
7485
25343
11600
5186
19266
13997
16554
11305
23452
14818
25674
22677
19725
21245
6660
18617
5484
12990
30550
21512
5083
19507
30594
13107
13578
31892
8591
27930
7157
4767
19559
22282
1823
13146
9428
3815
32411
16407
28713
19962
96
19640
5038
14526
1951
6628
27598
24083
28948
6108
17687
14482
15204
17477
14001
23872
28276
19230
22904
11988
1822
4280
29322
2779
32617
6702
7806
7529
31811
21081
29021
12877
10359
29468
21292
16802
20252
28870
13297
12435
21659
20504
257
7111
24342
24618
8003
1560
13866
20213
1140
12563
1539
30871
11224
4683
19181
22787
614
7849
6323
16973
29617
13764
11582
7616
19075
4445
14773
25214
27169
23791
2556
21343
14413
29426
3367
7353
5221
4919
9097
5900
15778
13548
9750
16087
24601
11723
15271
11799
10635
15567
5743
7782
32746
7815
3088
4964
12312
13647
11031
5880
14203
11000
16860
1731
7006
4339
1947
30203
21349
20752
14599
17787
11980
31788
1230
10347
15081
29742
18613
3334
20578
643
4167
29431
22848
14683
20817
23396
15638
18313
9479
17518
17313
15321
29752
19618
20280
12944
14571
30011
18964
8877
16552
5751
9408
28185
20040
11445
31741
28358
26422
21784
28748
14679
19092
5464
3729
30478
29267
29158
2943
30783
5253
24844
4769
17816
10891
21426
4661
8896
15893
5391
15760
2610
4836
25665
15583
11650
25225
17281
5028
15329
502
6827
11772
15992
2755
10629
5173
20339
13450
7327
25539
26384
6449
6808
9053
28944
1864
25078
387
1846
7598
23838
4053
5498
14133
14269
12061
15003
20145
32651
14458
7251
26637
19669
24519
17438
26120
15220
25996
6492
3906
31590
10676
17629
17565
31162
20746
12628
15677
4947
545
27889
31462
24020
23927
19581
18720
481
3330
22644
32621
28744
16197
6528
22184
21539
27621
25178
9287
4166
7062
18900
9341
26045
5152
6558
6105
22023
8657
26538
8712
27975
10102
4447
10185
13261
8295
3927
19910
10638
26095
29846
18036
4889
4410
21624
13493
1071
31225
30477
17504
12551
7513
3818
21623
10461
8390
22872
22464
7387
9354
5306
30656
12333
8167
8568
6438
22123
19106
12089
3462
31124
12577
9052
6103
16786
710
28808
19974
13533
21354
11757
31264
2419
14399
966
22883
13605
12532
5368
20652
5447
9892
12371
23802
22895
21981
17580
16313
22305
626
12436
4564
9652
10351
23020
24479
132
9236
16615
8664
16509
32678
15602
27269
24494
17807
23293
17618
5068
22918
5544
436
8478
1095
6080
4936
14116
27279
2792
13747
20652
8718
30633
12053
11474
20056
9052
17811
24197
13994
3024
18515
25418
13979
8146
18095
17803
27633
15221
19341
25242
3930
3160
9314
20291
24904
32540
20678
20320
26557
22421
13142
2855
19144
12971
5699
14745
3378
3009
25428
31095
11934
23344
24432
21893
26806
21227
4766
3220
28880
13701
31676
18217
11495
19282
10294
6064
19202
18073
16536
907
23457
26376
28972
7549
8281
30758
13110
27473
13283
13309
23020
24577
32388
13496
26021
23461
23210
28646
14573
31615
30500
8985
2918
9978
9570
485
14918
1641
6031
23965
19189
26061
13252
21090
21334
31554
28285
6970
13895
14666
26299
17497
29868
9033
25394
4528
26912
31709
6936
682
2532
13992
29898
14884
24240
5482
12811
4624
9344
29951
14928
918
17404
32288
2776
10851
31358
9099
6439
2729
13444
30870
5527
9635
10628
22938
21630
16355
6255
29360
22701
2843
20376
14304
11432
6074
29738
17664
19263
23797
8722
28990
26997
20176
5393
14371
8329
15767
15122
22221
29092
28402
11172
25752
28915
935
28808
9608
17172
10779
8579
31772
17189
27820
20930
28125
6345
27688
27349
5898
23821
10785
11994
6459
17378
20538
23148
9741
21001
32578
6749
7451
10042
100
21107
20874
5866
6670
22940
21363
30825
27244
30162
31084
28811
26911
11679
32076
16041
1420
25329
32146
7296
23805
14376
30837
8040
11373
22594
11113
20345
13642
17934
27809
6075
16757
6736
18379
13714
12766
15131
16522
24383
19643
24060
31899
17431
24963
1794
21850
11649
6571
23978
30590
5719
19399
18188
14023
7414
13831
20726
32235
10244
21402
16955
2850
15484
4355
8424
12736
29905
31526
9560
943
31673
24399
32180
25607
13445
15404
7668
14794
22834
10123
17126
10391
3937
31088
26683
21985
17300
22369
23650
30183
19706
31494
30746
15719
23294
5193
8459
11009
4334
7919
32022
26233
14757
21586
330
24618
8831
29971
929
1861
28606
20367
35
22123
15398
6586
9735
13444
1206
29735
28641
14732
23474
9345
25756
4353
2026
13485
27702
2600
31070
23134
4083
26528
3859
24367
14386
4066
28917
15089
26938
12340
29625
20294
11413
17526
22490
32610
21599
22919
23906
8208
11646
27575
27935
27766
28585
7375
12686
11979
24986
32693
28986
25084
8411
22138
7973
24293
22362
13045
16566
5833
3024
19990
21106
5886
10533
3110
14237
17629
21368
8578
32546
25916
26812
21589
17929
12395
29097
13914
29998
32247
9649
20164
25471
18213
4175
596
13047
8817
24299
14297
19648
11478
13104
29495
25525
7642
10078
11396
15866
10174
18902
14039
4925
17654
13039
4981
13750
399
5124
22210
4552
4155
22069
1253
1452
15185
691
26906
31217
32400
29271
2504
25387
23998
4175
30566
1894
3401
31172
28843
10387
32749
20582
13688
13437
15026
14290
27981
7646
30707
16002
27733
4840
23173
505
17861
11658
3246
7646
9984
9571
19855
3597
21406
21383
1393
30018
30607
652
28287
6600
23736
26985
17446
18083
8011
15371
14205
10893
16696
5526
19706
23067
19876
9464
15320
13994
8497
14742
20895
18408
31741
30222
14037
4505
31802
64
10523
30995
2161
606
14321
1063
21291
29578
10705
5143
13679
14548
8510
5524
24612
10063
29123
2616
3346
15798
9344
29759
6450
19361
30129
269
17112
6187
27690
27632
32142
19898
13312
6913
11249
11737
20916
11516
29804
2871
8511
1114
22071
3972
19194
11465
24022
15977
14093
25806
26165
23481
29630
27274
12055
24988
31903
28100
7063
5775
18137
4590
30236
1293
19141
3326
19204
6468
96
18968
17195
24817
12983
11537
5543
15665
8450
14085
21115
21840
19434
13243
27799
21596
1586
5750
17359
26766
30440
10400
18033
31654
8251
8103
22440
9232
23040
23757
25109
11548
11707
8927
9593
32055
21115
12059
19998
28231
15521
12578
23792
27747
31148
25317
26450
5395
16072
3826
20871
5474
12771
31886
2838
28465
11026
651
5219
3745
16856
10711
1765
24088
15963
7539
11901
27428
23942
20550
19876
28621
20499
22840
7803
31452
8345
28080
30778
32202
11197
9788
794
27527
17848
22396
11370
14731
29053
25573
8696
16531
20056
18925
7282
17070
20399
16379
20246
26386
90
14517
16054
27502
9697
10043
15670
27178
15026
21729
20762
19271
30107
17469
20755
28343
29286
23752
1680
12044
27807
23169
6784
5264
22244
15803
31783
5150
2260
25123
17159
21081
29345
21520
13149
20744
2214
9083
2701
31656
1194
27241
13357
5506
11404
30021
10432
9579
18908
25497
1984
3455
24152
15207
16825
453
29408
5928
27164
8158
27588
17840
27476
30680
21117
13605
24936
3948
7775
7815
4001
18270
2827
21942
17064
29265
31435
25328
16024
16195
28335
25366
4162
1081
931
29350
13385
31328
23223
32614
23104
29930
26413
6292
25176
16224
3767
20481
16413
27455
11460
20818
7550
24088
21785
13138
3776
3681
20070
14371
20101
15082
413
3118
16460
24586
27196
23363
20490
7750
25396
2062
10694
9586
10199
26135
9658
7171
18591
3852
1714
25323
20627
210
10673
30829
27211
1286
4876
12407
5358
15528
677
24831
18767
5344
10310
16829
7643
25495
163
6860
32127
30961
19590
10862
27818
21625
2780
13566
25107
9833
1617
3015
3713
5276
27200
27624
26811
833
17572
15123
1295
29762
14868
14028
12406
24928
13362
26712
5353
27457
9974
11522
14955
31487
17922
19811
17152
22046
27180
13390
14085
27213
16501
4327
21156
17055
9488
23670
29477
17006
28810
7368
17016
2467
1843
16908
32381
30999
11040
30929
5458
5415
3956
20738
3993
9675
26792
15647
29721
21594
15489
32529
22644
19524
16562
7920
27993
10476
27839
12074
16548
31935
7547
17414
704
17917
8726
32062
15423
30460
17731
32563
10175
3019
24408
14716
19818
8521
6746
25890
25765
11549
30257
17439
32156
19691
7583
29652
12925
27046
21692
21486
26701
24654
16549
13367
24272
29797
12995
30614
15544
30571
18605
30479
11670
8873
14217
10003
2352
23815
5371
4710
15396
9225
31937
12642
29557
11366
3634
18153
10869
6057
6397
17753
32361
30826
8019
9815
23268
24053
23799
12193
11731
21508
237
31789
11214
2682
5749
5154
6441
5992
2454
7309
4465
16141
14193
10730
3808
19866
24206
25801
4417
7373
29479
20836
20872
21639
15716
9429
23649
8296
25295
11013
11799
17215
2524
7530
29708
4680
20855
782
13952
23758
31547
2701
26426
27833
9280
2384
16754
18064
20624
19265
24881
8330
25796
21014
29199
25466
10744
13003
19882
30269
31207
27817
9583
28165
23649
10090
24485
1302
5214
22918
15650
8515
29047
4649
28788
7779
7337
16274
24906
32542
17355
28449
4073
22342
193
14686
30072
29182
7607
11319
4165
27648
13117
9066
14907
5921
13757
17039
30119
184
31544
17488
1856
20428
30339
27187
3795
32318
14690
32138
8242
26053
17046
18707
15901
11834
525
32358
7473
18594
22140
12596
7011
14734
16536
1124
28354
9549
14533
13719
8953
22654
1336
27652
7237
15251
19967
30007
6613
19233
12804
27433
6988
28195
30357
24263
8314
31440
10089
10339
17920
23762
550
18663
22613
31211
21068
18615
16775
20736
295
17778
985
20948
4431
6404
1887
5964
16292
26505
6374
28492
13068
13356
32090
23229
24924
11350
6839
1086
14363
8995
29836
13827
15139
11334
25474
9658
3734
22870
16221
7315
20522
4537
16858
5924
340
2497
11286
30493
25594
27134
32147
32069
450
13161
20530
16219
12011
3453
10259
9669
28858
2653
14136
25425
3543
16141
17700
3497
622
21195
10835
1778
15399
22937
9109
18390
913
22258
30498
2011
26528
29600
24240
19949
18649
19430
6479
27743
5316
28242
31741
25392
1497
2190
24705
28305
14543
29740
10744
4915
14125
5056
31516
16427
6408
8537
1442
540
8915
30088
27669
12329
6931
9625
8558
25392
3557
27572
9407
21593
