22800
842
9317
4887
29438
15631
573
16137
5608
421
18179
20572
9378
25082
6742
12674
9628
27057
3261
29547
6991
6135
4359
7992
27350
12810
26276
21240
14606
26442
22916
17243
25867
482
17994
24861
32657
18823
1946
27773
19466
25693
21392
20931
5414
10370
4983
11171
3750
32522
4480
12027
4141
18925
9085
3278
25308
11522
14378
28487
22261
6001
8663
26072
30541
9311
10932
27420
7877
30336
4674
22894
31044
12033
4663
6238
26561
25001
24850
4913
8841
3390
8733
27176
10615
31860
24642
25731
32393
30313
11146
14832
29403
20390
27446
32080
21218
20164
19874
28676
26112
14343
9371
23062
1305
29253
20803
20071
27872
5152
25927
23969
18377
5595
10487
10003
29939
21740
30684
13470
18732
10026
22066
10438
3755
18034
12090
11248
27253
27139
8854
19591
25232
14332
8145
2829
16167
30319
13045
18183
25783
22776
10369
26447
5086
1043
22763
24802
21171
13097
7236
29218
27433
25
15662
15935
30498
2964
32722
32752
15060
31790
28781
18084
29348
4915
9342
3477
22222
4424
20295
29185
23231
28455
2405
27210
29955
25570
17654
18299
8360
12976
27646
9108
31740
3869
32764
13152
15038
14383
23987
25633
31596
18276
6526
16694
32165
12995
26225
19652
481
4807
7116
17254
7973
22965
6068
19888
7838
29850
21782
28570
14615
24410
22202
5591
11084
10045
17498
9078
20203
18544
30603
5975
7783
12564
23545
30691
10617
32553
9059
4760
26973
8623
8485
21167
14749
16388
27128
26086
593
21294
14326
10991
31434
10642
23413
8003
11391
25976
32482
30440
15816
20592
11482
30886
9547
3370
28313
10680
15241
15737
30025
14125
8538
14934
2882
29899
1409
6422
19664
5955
22532
11986
1096
25210
26783
17793
15176
8486
759
25634
4686
405
32123
17600
30084
21081
11351
17980
26997
15307
25825
16905
10577
11875
9908
16025
31532
24419
8573
20167
7968
10501
16156
8867
20847
29057
3410
14420
15003
15083
18744
17949
30354
17052
18509
4410
13813
5418
18396
27716
14364
22749
17864
1527
25752
23539
32653
12832
32324
23683
30946
6772
31625
15463
22476
14261
29201
5242
6997
9135
21756
14282
31954
31915
6024
796
28532
24772
11414
32207
18581
20377
2816
31455
1579
10471
31658
5383
11382
13886
28265
27404
15323
25457
14748
30939
18588
12925
20990
21634
17931
23242
17026
7267
17807
23205
22390
16162
9820
16239
11411
7095
17713
17874
13775
21515
23315
23790
20658
13102
20915
2389
24338
19838
26832
29935
11601
29406
4857
18002
28911
13620
14425
12872
14622
4060
30597
31721
13266
25113
6293
12016
11412
22134
5883
24667
19052
6322
30019
16921
20158
22927
29461
13164
11719
2466
6441
352
1074
14404
19178
26541
21129
20584
5427
5279
3380
1399
2986
31889
17060
26236
13464
13134
5430
14547
19449
2184
29258
12577
11135
30499
26395
18154
20086
21396
21316
14009
21040
10941
925
22854
20411
19554
25918
6439
8276
5833
13710
12946
14781
24729
4389
15313
21053
26023
29342
3626
12265
10252
21342
5733
4361
12983
21933
6060
22787
3264
22366
12254
21859
1745
11903
18336
9806
3620
6119
30960
30725
28049
944
19792
3370
25190
15032
23052
1276
28733
31001
11508
7904
20196
7286
24730
24360
3411
5327
20704
22178
25436
683
19056
17636
10451
24277
15257
30364
17125
2415
1044
3670
28767
17835
15051
16417
21998
14559
25655
9159
1648
26067
14716
12934
17129
8121
23045
8129
1637
4974
14597
10066
18816
8803
23942
20402
27551
21128
14520
26971
3855
28250
7491
19078
18225
2803
5173
21715
3627
1513
14331
3323
29912
19730
12632
10109
22423
8322
22304
6076
23306
17994
31628
28974
23989
15087
32003
8851
4928
28053
7636
29710
25748
32502
770
12082
22435
11001
32304
8468
25111
1421
9910
21100
22227
28395
22121
24543
28203
7341
25254
8135
30144
14854
6027
22496
30097
8492
4344
11498
28531
10938
26392
11959
19758
18310
25250
7609
1598
1098
27107
29875
15401
21630
30776
31305
27856
31642
6122
11592
29375
31081
1971
16160
373
30432
13125
11785
6319
14905
11765
1857
1666
32562
31784
24623
19716
4038
12109
4158
8113
23180
30158
30469
11943
6764
27792
10939
2039
3926
445
28495
28299
9277
19091
19165
17771
6082
5674
23307
29892
8726
30354
14057
19599
30515
25033
1387
25394
16576
10979
18026
4464
29257
18380
17564
9763
3935
22193
23311
1727
2035
14691
15997
7895
31292
6036
15375
8723
13262
27926
26587
5655
5166
32680
11819
20565
17296
18261
21703
31516
9120
861
9400
26493
26674
984
12513
19474
27039
4504
13174
16110
13676
31990
14815
15731
8430
11010
19553
20145
29042
10156
19254
7523
31684
10998
15509
4389
23794
28188
5681
12209
25845
25969
5649
2138
28367
9717
18905
26464
28536
2105
5990
30388
20526
8569
12309
31776
21487
8074
24445
19087
12328
17243
10448
14311
17522
28776
29466
28584
17986
25734
18906
10106
31914
8153
6709
23032
27025
21184
30437
4808
21435
17837
6542
1802
21154
17571
27336
9366
4642
21157
4391
26209
4416
13130
6824
17293
4797
2692
15701
16441
356
2504
32160
16836
29765
13898
29746
19561
11553
607
28042
9965
17514
22437
12252
15513
9975
23145
20231
7815
3678
2720
17524
22536
9816
14498
25467
24941
30610
21318
13733
11414
25316
17737
25352
17460
3361
8904
12184
29746
16637
31238
28622
23033
9515
20274
13865
32604
5692
24251
5444
25893
2114
811
22080
15804
8386
17955
29080
27608
27476
13500
29681
12239
29227
10206
7651
24622
18225
7569
17189
2503
6754
15065
11663
10863
8385
31694
25676
30396
32726
2719
4397
21724
4258
16979
675
29402
28226
19736
8978
7309
14803
5749
4931
29171
18411
16644
8137
28204
20015
16374
619
28445
11238
11989
22233
3003
25127
19339
13339
31039
15472
12901
16136
30023
14172
7295
560
15040
19918
26918
23802
18743
2425
9383
31202
5870
2289
23828
10470
15917
20903
26342
12975
22121
18330
31561
13706
19506
11915
32006
21507
21285
22715
5865
25258
23354
23674
8441
2140
7509
24828
2992
5387
10382
12518
30130
10073
6942
32122
1297
17522
25906
4028
13250
23350
21388
21057
30350
5132
19704
30341
22877
2456
31956
3327
31605
27482
1766
2118
566
24503
9360
17509
7411
15982
28978
10745
26367
14270
25687
19225
31063
29902
16241
13065
15778
13045
15843
16532
26099
4390
10028
5001
24567
1774
5806
18790
30908
17905
10908
12015
5353
31578
8132
22439
13850
2070
14418
21581
18294
21146
9142
21972
31797
8997
3669
10288
14989
18423
232
19506
3970
30673
113
21905
18487
26981
10768
15852
3927
15456
5602
23263
14787
1551
30243
6712
5705
14080
2967
14396
8677
26901
1256
28442
28595
4943
20980
7971
32196
1363
13673
23136
4332
8110
8459
9139
31415
12047
16399
28242
26213
19969
23873
10548
16020
13681
14555
21544
25335
25537
14001
21425
10969
10946
28950
3360
2955
2941
4297
6574
11525
22191
13400
21808
32113
11535
29402
8917
27425
6452
20992
19960
12206
3244
12761
23479
4122
26897
11513
16487
28791
24214
2095
30598
12268
23438
1282
27796
3568
16065
6059
5137
4682
29553
7775
16211
13311
18500
12265
13219
26431
1303
20723
18962
15239
19177
16971
30069
31089
8520
11578
32251
14146
7131
32437
21337
8852
27221
14288
121
11883
7921
3734
20053
2574
30186
6199
26916
4052
19132
13007
23671
15785
22750
2290
32690
11295
30030
12318
16720
3039
6806
12188
22671
28243
24332
24823
10563
7421
29801
13893
13227
25109
28629
10562
21315
4025
4558
4257
22803
4405
32103
7993
30974
17892
17285
6853
18935
18877
20577
19665
31615
31591
31703
6216
28207
7099
22484
20647
20298
19341
27841
12680
29884
5308
24509
4270
27436
19786
31735
28103
28223
6731
24637
234
9272
7048
7213
4322
12873
9468
19228
16136
18994
21296
13623
25171
26343
8784
21880
4890
14092
19858
25542
14782
16856
9708
19974
18438
23151
18921
453
27707
22634
29455
742
32664
6165
25937
872
28553
19570
32496
27252
14553
30202
16747
1840
11548
19908
10641
17319
25390
13420
26442
29785
7856
21481
4059
19285
23091
29441
8206
9714
28115
5348
8977
24110
16858
30188
7122
6676
16582
12091
3095
27152
27100
16707
19573
15491
25547
22416
31305
10405
14898
32162
19950
590
30893
30834
23756
889
8716
6967
1990
2983
12382
16895
32435
15114
25919
20315
3427
6684
22406
25115
7794
3396
3586
26193
6607
5704
30089
16080
29437
28004
2631
23344
21085
3277
5525
8637
17465
22311
31101
7654
4869
26662
21257
6710
7090
623
29874
31589
170
18558
4640
16834
22681
27737
3524
24327
30218
13692
8636
25025
29849
6972
9881
23837
25642
9963
27515
13683
16758
26475
29259
19810
7589
763
18803
23631
4517
16361
11501
9940
23611
20528
21220
7998
22764
14047
14917
9625
12196
1082
20869
5554
6182
8254
5401
24848
4644
18741
847
31343
24701
51
22440
13081
26943
27843
6143
4034
16277
10421
22755
28138
16887
31693
368
32423
10876
24119
15289
14966
15891
2448
31965
26022
18853
15670
20573
14410
17591
5969
3355
6128
26376
3764
7453
289
28241
14542
6328
12279
22798
23565
11992
12997
27701
10303
31815
28319
16231
8876
30236
25920
30050
13453
24170
16431
4704
4834
31598
16153
18685
2577
9713
15832
25107
9510
10215
961
7018
28649
30852
18572
14702
3668
26975
8156
18838
29226
29258
2177
31338
3687
23201
23313
30872
26397
31810
7899
3487
25907
20207
23882
19187
16829
10791
13251
1976
4578
22882
21917
2310
12973
6957
499
18771
8191
28372
22044
9533
5305
15467
21504
8428
10862
15025
5258
7358
18661
24187
31424
10577
9285
25255
28682
19528
26087
25357
15231
23250
13984
3107
29479
17394
4481
30335
15648
15922
27902
26881
1629
26861
29886
5258
15417
424
28828
19030
14
28076
3301
17045
26418
19191
30904
19821
31607
26895
2399
6505
23890
1460
12424
30409
18519
32677
26947
2822
25169
3996
2136
7208
12345
3047
16467
10212
5888
20500
5154
7816
20317
12656
31578
12024
25254
24033
2587
5991
11936
15084
13677
19725
20815
20132
13697
364
30990
24174
24991
22905
13607
14866
8750
11571
14562
9331
6462
29857
20577
22513
22674
31496
9084
18674
13192
21205
15690
7100
12585
12479
31734
8425
27370
27965
2248
8003
10670
14242
8242
1291
15475
25920
8164
22625
27100
15899
32447
26370
3749
13165
26084
1079
22055
27500
14969
7191
24326
24190
24696
16910
21332
24568
26085
18511
22648
19654
9248
225
1807
16447
7375
10834
17407
17579
2789
25309
21667
17941
19447
1440
10616
13564
22691
3433
17458
1502
21134
8992
19366
22185
13995
25174
11542
21357
19000
26939
27465
24241
23266
20178
2653
15114
19417
24327
7958
1546
14287
16194
16898
27737
29742
17379
8961
13460
14871
32244
15909
11981
14088
17704
29703
14705
21191
16876
6822
10631
2619
271
18439
203
26772
30135
27930
397
30832
19537
3970
27657
28049
7821
30190
13604
30496
4751
10257
19247
10260
31408
2487
7633
9364
12750
27539
12145
17842
23083
2176
11499
7134
10640
2576
17559
29621
18095
19258
1873
443
16792
5205
9024
32130
15852
8773
8939
19672
9179
22496
30737
31853
12788
16960
8389
16804
12122
27784
5396
11676
4661
8314
20682
14065
14020
20725
22030
29422
3111
32574
4835
6903
1293
16861
15319
24364
28849
20862
19457
6685
9578
3033
2060
2251
27121
10289
479
8635
18756
24011
31191
16921
9761
25006
12862
11450
12305
26639
28399
26166
10440
6079
8537
3670
26764
31821
21973
17241
22730
30642
8860
32386
12674
31936
17395
23397
703
5587
1998
7542
1015
444
6632
4445
5694
6561
21139
1728
19171
9083
439
13374
10836
5282
26289
9539
8958
9593
29038
16283
30743
31701
14854
2481
1477
30123
31537
3039
694
14150
11476
27962
9863
9937
3539
27646
7805
29104
13063
16904
15617
11967
16362
25498
20834
21595
24598
2733
1195
12775
28342
14845
27263
30002
25514
23772
3778
4086
9452
16325
30320
31718
26911
13446
366
3244
7387
15523
5632
8716
24466
14167
3465
26466
2852
12413
15462
28332
32481
13902
28632
4994
30170
27819
1682
9490
7739
28158
32428
6497
25994
4516
25372
26929
25621
27229
19738
15975
2552
11344
2915
14419
1467
5207
7679
29855
17599
9583
21106
411
16903
30923
2908
2902
24553
1553
31031
17361
28301
13877
2794
19398
29874
7620
30643
20623
31752
7369
31552
29498
9080
23684
9855
32461
30142
11592
1489
14025
25739
6281
29478
29872
4261
30929
32650
249
7819
24393
20678
8084
28819
7966
9371
22829
19776
26316
5916
28176
1168
14441
12520
30486
28170
31158
22609
25845
17111
3941
31740
244
19061
5392
32134
7906
17202
24890
17452
778
12464
10620
16770
28523
2915
28379
5660
25527
12963
18446
11843
3902
31657
27299
19298
16246
32753
28056
21220
5834
21211
28684
29712
8881
18862
771
22856
19239
10332
28766
26544
7921
12704
13409
29030
4157
25848
11694
19765
7702
4827
15591
7664
10509
24405
7416
8923
7868
5503
25222
26934
4871
25522
30836
16317
20311
4485
23272
28917
1081
27312
31034
1899
8995
4610
26764
1931
25809
30444
21805
21269
14103
30245
19878
1273
21448
12266
29884
8638
957
5788
10700
21363
19380
27069
9089
7466
19939
17977
30913
31524
6820
14358
19965
16580
18452
29867
21620
17703
17464
26470
12540
14335
29222
16294
28693
6215
4645
25813
5910
25339
1023
1905
15873
21446
16935
14683
11274
6321
13212
6142
668
2073
32708
29867
9460
22152
16600
29878
7344
15979
8890
4152
1198
23790
12804
21642
31407
17585
4843
10599
30682
21135
28303
4043
8080
28336
2480
17729
566
24094
15823
11267
22256
23724
21116
9560
506
31383
31088
29520
15691
17131
11571
4174
19979
29977
6714
31344
6001
7991
29608
24081
23053
13695
23783
29144
30884
900
30602
13269
14991
11507
17770
20780
29133
153
31630
31260
27627
20260
3647
891
12052
3357
5832
28069
11454
19328
30504
1183
4555
22474
17270
20999
32283
27138
18574
9727
17030
18023
14973
7348
19455
11572
987
23080
14913
24435
15099
26592
18287
28687
16368
30176
2673
9431
24782
20579
16590
22053
15057
13011
1507
12889
4470
26
30362
7613
7464
30017
7099
24251
1868
16244
4860
4872
7691
3160
7168
25542
3246
18025
29558
4938
3082
8697
12106
21046
1813
13114
27031
3800
22370
1013
30370
17132
18305
10149
26394
2205
22038
27026
18833
7580
7444
25242
15338
9564
28698
24676
27690
31278
10378
18328
31210
20589
23723
9358
13622
8750
10087
3397
27562
17375
8336
9575
12872
13860
6344
9002
28176
676
645
12303
25583
15707
25172
13479
1551
31208
14569
922
8108
31431
26892
12706
24465
19310
32334
24837
24690
7366
13345
8703
11889
9657
22601
22679
29771
3042
32052
14934
15108
10447
24534
1566
20129
31658
9977
27749
3051
18995
11842
3979
19044
10207
17672
19349
27333
32273
13251
29707
15548
3229
28278
14956
19646
5308
24722
27290
397
3868
9711
15388
3162
12405
9341
17728
4053
13380
8036
31623
32108
1930
10662
29908
11413
12987
19629
17583
343
8261
12154
19917
4220
31930
23690
7998
23658
31766
16232
4853
19621
10642
20788
22672
7076
19377
1739
14541
29063
2959
12881
16102
12471
27441
8906
13475
5844
30781
11798
20471
7685
6283
9308
13769
22581
10407
12767
388
7964
6467
14681
22322
28279
30201
23981
11952
24671
21250
26935
20913
23940
18519
32146
9046
15463
14583
7479
12510
24364
25200
19361
26832
22785
31096
28358
17167
15271
2662
25058
428
30465
8965
23019
2814
26976
16379
6637
20348
1662
23433
21749
18058
27077
22001
30643
13638
17607
10287
20531
32260
30267
15160
13768
11568
18312
22108
24267
2844
7014
5375
16870
5182
15399
20271
17959
25464
32237
31639
6327
29211
31924
18983
26314
31267
22206
7054
23492
31214
11128
8211
30242
621
658
1562
22652
22435
25073
15213
10566
29460
32168
19431
32178
32287
28192
8988
16646
7767
9587
24326
22550
18662
13763
19117
23045
18089
23415
11511
16360
30185
16747
12696
15680
4471
14532
3227
17569
28023
27174
6721
23747
22347
17640
5983
5790
32209
32418
23626
23919
17403
25320
10963
9507
29214
17190
9646
30413
10970
4523
16298
30346
9861
6636
12138
32767
25112
14365
17720
2194
19172
24907
13797
9141
28784
1010
15070
4329
30863
19601
5788
3575
198
27957
22636
28588
21817
17068
31828
12191
14896
32322
31905
2231
31276
6064
23636
14592
21425
23348
21728
31208
4732
25059
8182
31940
17
32415
9939
1777
29288
22192
4843
16070
29506
7134
25832
3739
2751
13779
20245
9568
29037
19713
22051
16273
5618
5492
6847
8206
7640
32125
27111
23320
23408
18761
13907
18334
1782
23262
19798
1797
32142
6809
3675
12522
7095
16931
20261
10989
22642
27426
11089
7814
7215
4680
4226
27145
13904
1195
17621
13205
12164
15889
2795
7583
22299
30900
3591
8042
5029
26774
29135
3141
20362
7406
4514
22622
16248
7301
2653
125
24084
20767
32022
30580
4830
30296
19283
22568
27743
12057
15210
26547
27927
11969
20578
12082
16441
14062
8030
2080
17326
6099
30042
8334
6573
926
20154
16639
1033
10105
13950
22428
27196
18166
4705
21308
22569
2216
11056
32127
26104
17538
22213
30564
3735
14279
15829
13966
25715
27371
10803
13306
11118
3390
12667
11664
26161
24511
11007
5939
18313
11538
12728
25306
1710
14109
6032
8062
21040
5142
22798
31127
20517
21757
22474
13882
25021
30398
4674
21171
13372
31662
12759
19426
2022
25044
27003
10354
30724
3932
11362
7704
3378
28524
24767
22113
9169
17110
11824
6532
27689
15275
3135
9044
8747
29071
7629
19905
29480
26631
19718
26445
7232
20667
29018
5873
1355
11767
26587
12166
25249
1994
947
1802
22367
31885
11751
20258
6431
24921
24548
6149
18525
12042
30805
13304
8992
22197
15060
1410
29155
16523
9971
26584
14811
7622
30974
13842
13575
14598
1102
21254
1424
23547
395
6375
7601
10106
24802
14512
24837
13678
4053
15412
9423
28521
13311
21003
30148
19666
10308
25640
7739
20973
27098
5229
8231
4289
13557
26865
23199
21721
8067
9611
3565
690
16931
21590
31594
7791
18414
4530
28998
177
649
7960
13336
23989
21369
19666
18208
13415
12822
32159
4044
17708
10468
17102
3330
7551
11108
23788
20997
6012
27331
27735
8521
25506
30574
3682
31619
3648
17810
10168
21377
23040
3590
24378
8661
22048
8450
20756
15349
32223
30068
26577
27939
15653
1152
12851
20668
7860
867
1635
29793
23494
28594
17281
30980
14958
17599
6722
15454
32466
23994
15005
26804
11564
22684
5744
12531
31052
9616
27395
15334
9205
20832
7613
2280
366
13457
19212
22940
14901
6175
18917
30709
7020
3530
9730
31640
23247
7489
25919
15742
21440
179
16164
32566
32001
8227
8935
8688
22695
31081
6715
17945
14517
19012
32641
14671
12357
13616
9983
2332
22570
20918
11009
7594
15780
32365
20306
17047
9401
2893
5191
5397
21805
16065
13013
30652
4483
21589
24697
25953
2229
21635
5756
17563
27818
17501
2908
1181
4284
30660
13258
21681
21219
24711
29590
16813
4009
30593
21342
27914
32444
16296
22105
15986
20391
123
25865
21618
22117
10502
26758
21239
3060
3515
3387
18217
4625
22646
21219
31065
24632
20806
5878
7927
11965
12525
28295
2155
22646
24635
5338
5578
10268
5628
32677
1523
17666
25261
3599
10560
29403
14820
23111
15591
10093
12392
19465
623
5779
14434
26921
21468
26110
16202
22743
12201
7624
3979
18970
18355
22301
31389
30473
4705
29576
2373
16922
27581
26145
12580
3686
7857
13467
26506
12853
29775
8391
9368
9110
9005
8152
16572
8972
5891
27895
9513
19269
26778
2074
5304
796
25363
11257
10924
14522
5318
30907
24760
7492
32194
10467
1014
24122
3558
7085
7771
10847
2447
21312
19100
31938
22711
30934
21502
8403
15170
14758
3586
24417
1290
3146
27813
395
5507
32000
19149
7412
844
19042
5616
5460
1704
11539
23458
5957
26976
29276
20726
9157
30861
5826
25496
18546
31770
17221
14580
29038
17856
1772
11852
23937
4440
18961
19171
15609
8371
9725
19680
16027
21518
14269
11267
11416
534
15541
17257
17780
6875
16841
10679
21550
28121
28534
31313
6469
21478
17759
3882
23334
28332
2433
16844
26995
19520
14747
4263
214
10775
27979
6952
13522
4205
385
26530
25834
26938
32515
15661
3564
13641
30609
8441
25402
21283
16083
25085
20118
12309
20521
3929
16608
28999
3024
11545
31890
11166
16841
17597
29147
10215
31395
11529
20365
22412
30071
4556
1736
27301
10843
26353
13321
23701
3694
12607
21794
31654
30252
29371
3492
25338
17570
5292
22681
18841
14951
1985
23758
10508
7413
30379
4276
15018
19958
6255
25783
19959
20870
32566
26241
21275
28375
2159
22115
22521
16015
29110
2856
16659
25312
10393
7651
28075
14727
30980
10856
23649
1757
26916
29871
22906
863
1825
22485
7015
14518
27426
15987
11375
25252
14518
30070
16743
28915
32599
24265
5502
16184
9790
28229
16042
22637
5153
23610
8696
20499
12128
1189
2658
29403
23009
7636
31987
27569
25138
27416
11200
1384
3012
9978
13451
27500
17754
23587
20191
22238
19853
13527
18204
7228
31294
10805
17161
15126
18543
15073
21250
1508
29733
30571
13932
14522
32204
4064
31050
2879
31651
16072
2054
31912
14598
1135
20218
16926
28982
24217
14427
9854
28900
12652
598
7528
13833
10428
30479
6034
6610
32259
20775
12473
7301
5580
12325
7017
21835
32194
4370
3757
15940
2544
8960
4567
32323
3363
13639
2076
11904
4164
7727
26476
12008
14089
29073
3544
6170
2153
20297
29094
28158
27253
29401
14204
1206
2104
14562
15355
650
2628
10471
12762
1417
1285
26523
7945
11099
3634
18659
19421
15825
6378
20513
18224
21812
9407
6316
32433
20206
16252
6711
16372
958
1517
26397
16887
26021
30195
726
27053
1830
31628
589
23359
24753
10073
8592
5337
27807
1017
2695
22524
1389
27830
18563
17105
32606
18420
6599
10759
20212
20850
15703
20446
15643
27354
24286
2409
29623
8052
22193
8755
27404
4863
268
2851
29444
21479
4719
30340
5332
14527
8504
12693
27034
20374
22434
8208
21982
15469
17204
24278
1831
12291
17053
262
26350
26046
30665
27603
10321
3425
475
10081
11743
22069
2404
8336
28328
32251
11394
13846
2555
31434
2601
24307
16586
24533
15542
5992
32314
23464
10732
28139
12630
17998
22194
31432
6447
9983
19817
18440
19123
20405
14269
12776
10379
32703
5624
10782
29441
666
31259
10025
12801
12596
3825
11655
20307
7330
9761
5290
270
28911
12255
49
26033
4400
4534
31984
14925
14753
16811
31208
7147
14945
25723
2721
2280
30405
10566
30254
27134
22291
19230
27341
3313
25667
7752
9857
9755
29960
7963
24423
11520
30810
2162
13667
17205
8385
7940
6727
22908
3022
10440
10834
7674
17887
3523
17734
20047
27113
6660
14716
11340
28962
13276
24053
18577
32757
23673
20394
26239
17143
13754
1261
11208
30820
10724
27090
31409
8707
18037
24158
16036
18907
220
18501
29140
23640
12858
22187
8173
10227
1568
18431
29514
21131
25197
12344
23071
28301
8544
657
9520
6537
13218
3827
14111
10975
20143
29279
24298
1720
15084
14511
11890
28303
4739
32017
2175
30633
13297
27348
10495
18481
19520
18557
25612
9884
28501
25395
30988
16242
1901
11676
11340
20619
11448
4499
7192
17978
24942
7011
21386
10872
30315
10892
6817
26440
21690
21832
9225
3444
3957
27614
1460
11166
19780
18528
28170
2173
28585
31694
20042
14321
20205
30000
27403
25773
22966
29390
30031
16332
15442
19099
15015
25477
1967
8234
392
25696
2302
6046
10942
17188
18380
19701
8874
26989
4921
23856
13783
1241
24548
12643
3347
9642
31504
2374
10519
27757
10297
27133
10285
25456
30371
27978
26799
28875
31266
30305
10891
17360
15699
12894
4212
19897
21761
4595
2249
28162
32277
17910
29616
24276
32049
25563
2919
15195
9726
1622
7653
21848
22601
26445
13415
13153
26106
19984
21553
3996
6495
27401
21128
10179
13582
24313
24576
20000
15696
9142
20360
12678
1662
31278
13260
16971
30601
695
29381
16745
295
32472
28909
10258
28524
22695
32147
24393
2875
4402
7474
25282
30084
1966
29232
31249
17115
28305
9810
32214
11955
12644
20099
19846
20063
537
24330
22906
11883
20613
10279
25762
1623
5573
4462
6574
5737
29
4995
12802
31333
21697
4828
31926
26096
3700
12525
29525
10342
27559
26666
29913
31305
2637
1426
30824
20896
31641
14748
29902
7662
15063
15843
18062
13743
10477
5049
3578
27567
22127
19832
18890
12660
4467
21350
2456
12648
28257
29814
2977
11218
4507
5045
31537
5162
29196
10902
1836
3294
27694
24202
24581
1944
20512
16987
4174
8093
21775
30167
11716
18112
11842
18802
2317
1058
4620
30753
598
739
24524
6585
30140
12063
18711
24921
25029
2756
27412
8316
30939
12858
18913
29703
16350
15126
23696
14705
860
23040
26198
15724
22697
28572
2801
29766
21457
23626
18108
4846
8759
7860
27855
23406
19257
18927
14095
2069
24509
18390
29926
31656
28469
13875
3185
11169
216
962
21946
22576
23833
19365
27183
23795
9513
31590
13720
11973
17983
9616
14718
18189
23260
18341
17949
30048
19523
4185
31620
27205
31033
14325
31465
1236
19845
891
12546
14556
15527
7103
15049
10002
17656
17352
15200
29634
4982
1205
13909
13568
17496
16365
5028
12344
29998
31536
22011
2536
13079
23758
5654
20006
19175
8501
25324
12077
25475
29961
18548
23084
14746
26448
31725
17026
6472
1289
27620
25729
32124
31593
24620
7384
24781
28245
14944
8797
10680
19894
3338
20292
5867
25864
8232
21807
7664
6455
8647
28239
15479
23687
21042
1355
21288
4973
7172
5135
1459
29120
19214
17538
27922
27275
4354
17336
11436
7823
31158
22447
25834
24092
23332
25968
27663
29378
26244
11292
14747
17536
257
6340
6840
21171
2729
541
422
5036
22564
24219
13941
24620
14991
14094
20546
30679
6889
3058
1459
19238
29794
1302
7469
5887
24890
23325
31982
7571
16214
26738
19592
10374
16723
22998
12352
27072
5210
26409
24618
4280
29758
18596
25194
14782
13427
7911
29478
1130
335
14294
29038
12704
15070
8218
14725
27580
22563
15031
2758
6248
10371
1437
13572
18445
28894
9817
22004
20486
26795
23141
22350
30034
8197
25727
6176
11972
28562
12483
31637
7483
20412
25329
5030
6028
16783
20610
19603
29061
5353
6194
11555
10407
13717
31612
16185
3937
24653
8786
726
2583
15962
19590
15650
17299
1825
20452
21154
16884
18875
25387
28725
29327
24947
26684
4425
8026
3299
16685
4894
24804
29329
10862
15524
24195
11983
23812
29650
12999
23936
10404
21090
32230
24265
725
11125
20920
19185
20783
4524
28089
16628
368
3309
28735
28427
22597
30232
28584
16631
15617
14654
28961
25110
27215
17266
7340
2095
28175
24147
16770
5614
26089
19708
1958
31127
27644
3247
31383
10185
11964
26328
16794
9718
1809
2682
29888
5695
19290
17145
17134
22424
5866
1723
15325
25588
1255
9311
13656
16548
8445
28603
2135
19900
15307
18113
29869
24888
27382
30344
31077
7753
30325
15077
17389
18635
14134
23041
20254
30733
24331
9823
30808
12530
12469
30599
30106
7233
14225
20779
10892
27962
16853
20602
21046
8858
28665
1925
22733
10861
1924
9485
20167
16718
8463
32475
31276
3983
18194
7187
20491
12187
8100
9156
16875
20742
2825
20394
31965
12038
26862
10485
14291
21047
22689
27500
19968
5047
43
24464
14833
15352
21124
5925
21023
19622
29938
2088
15033
29047
4238
13700
8810
12573
2263
13939
23649
11340
32569
20174
2573
30792
29610
19738
11533
23326
16594
26543
12410
14835
9801
20269
26806
23640
21396
27300
28239
22685
30629
4971
3607
13403
29652
5656
8364
8963
24873
32596
4433
32058
10115
13265
3424
21191
18277
30496
31192
4727
1588
31317
1900
4385
19504
470
15318
1048
32469
759
31405
4517
13072
32251
13050
5133
9449
27497
24764
7147
13579
7037
23891
9797
13421
4778
11916
6376
24497
13517
9907
22594
2027
3457
18486
3751
12212
7945
22072
11462
13433
10306
17285
665
18712
26858
13116
30366
15717
25477
31519
25147
23633
10208
5541
14297
12924
18383
6028
18098
5071
11217
27681
6349
384
19577
17559
27872
2290
3034
22521
30889
18151
5683
12499
4626
2430
20744
9663
30270
12931
30074
26005
23588
28362
15486
6273
197
17030
8528
26099
31445
29727
25469
30870
2150
6699
16825
6392
5934
8014
23180
19838
23518
1661
21839
24961
6462
30796
30302
14645
29254
11682
14709
23138
12078
6313
17044
14772
30427
28935
15329
28614
271
19301
7741
5312
29536
518
5010
3438
30782
30005
9225
6225
16925
20540
21187
21911
32671
23503
15357
11683
22351
21750
5334
13934
16927
21414
29661
23935
5898
21503
24697
23473
27346
14600
3656
20030
2480
16993
3578
28875
25594
23055
19971
18508
8719
22059
21062
5120
21807
17611
5019
30393
17185
29990
16149
11851
5477
17018
2789
3734
24888
22853
27431
6646
544
23700
13825
22142
4552
12370
3012
19265
17215
2083
23650
24716
11380
6922
31986
13597
23592
7023
17736
13628
13579
11825
17681
14757
13354
29824
10867
16959
4976
28718
613
22063
18531
7488
834
7969
28682
19709
13065
23593
11617
25482
18810
7019
26883
24756
5261
29858
4806
15909
6235
14986
31413
10122
10865
2788
17283
30247
12050
7219
909
18295
1920
8632
5412
14720
19048
15426
18087
19257
15999
13112
26410
13832
29234
20261
25021
29904
17622
27493
4280
25920
7735
29190
6899
2648
24122
30276
16478
616
22666
5278
27561
29310
29941
14728
13369
19962
8620
21377
31570
1848
5799
31709
16750
27539
11055
16675
12512
26324
2954
21009
12619
29608
17241
15046
21902
2232
14891
2688
9847
30573
29180
8626
31695
6168
31373
26749
4240
10860
23880
17196
17677
11861
8479
14837
16594
16588
24231
20714
26026
8462
30056
22435
17006
30905
24807
1939
25829
7595
6344
9688
19395
16687
14750
32606
9097
9065
1718
27851
13636
14318
11927
965
22716
30003
7831
1351
10864
27616
23688
3784
6020
4860
12925
30011
12136
6843
8816
2438
29235
9527
3137
8358
12490
19719
14648
23702
8387
3
7212
14051
14175
31903
27357
9244
30908
9919
8066
26770
26157
19396
28152
23443
18854
25333
3383
13235
30555
12597
23052
28679
3484
22372
12794
24596
32445
1605
29649
28266
10772
9801
14461
28894
17292
19773
8307
3051
8942
22461
4129
3934
7781
22358
9844
9852
17298
20932
15553
26032
25038
17450
19659
24998
3037
31538
25857
19526
13611
24436
26813
6377
3210
3152
7910
17649
32294
15412
21546
17371
3742
18810
9653
19069
2181
1270
29425
20924
19224
14813
4985
10485
16113
7153
8789
17971
30166
28149
8301
2635
27972
15123
13989
20780
21311
7657
24856
19123
31953
19073
9750
10885
16604
29616
24514
5789
24165
5736
13254
23262
24705
29454
24023
637
2637
31038
12065
29956
9035
24550
20307
11463
962
24288
5083
13970
29533
4112
22917
32632
23409
3672
27863
14968
21056
15946
11034
931
27567
27074
7610
23408
21781
9236
26613
21617
1445
27807
170
20084
30244
3965
3903
11282
4379
23098
27725
29844
20348
32262
31383
9422
1317
28759
930
10291
21352
4067
9489
8749
28748
19810
8493
18430
10714
139
19976
3653
4463
20401
18385
15868
3568
21868
544
8546
27984
31366
16470
5290
26005
23643
13410
14383
23544
20202
1109
15367
3609
12024
24103
32677
21477
12619
23153
3756
4588
26887
29985
29773
3610
10229
2634
15545
21839
26720
9285
28872
11382
5395
16871
32391
3378
10515
16137
8189
22204
6918
790
17135
4972
20176
26294
1755
20982
9205
25842
7131
2830
3849
20216
20018
28108
3722
9228
19893
26239
18721
16668
25127
16351
32500
4759
6493
21476
20248
27736
21579
13746
27684
21620
13341
2463
31499
24378
2187
12977
8793
12675
11724
511
13678
29749
1728
31445
22142
9309
13221
18699
17952
11718
24788
13087
22766
9686
25050
30791
19289
4167
17268
8342
11616
7716
5316
29488
12250
25309
17825
27800
3753
17947
13278
31700
28510
11587
10290
15626
552
12397
2235
23517
15233
26213
6297
10405
8079
12836
2074
16744
21691
26746
26497
468
25381
23872
24264
26532
306
7968
14580
24023
30437
30316
2701
28471
23977
15730
11433
26124
17427
25007
28022
15363
16232
27289
15318
287
14915
20676
7410
11532
10128
10118
27817
10670
6067
7257
19940
2687
25225
15963
1613
21511
18142
25715
29787
22240
23574
24276
27406
13763
19999
2023
2580
406
17623
16382
23187
4157
15984
29078
2
23475
25831
14079
23258
15343
9432
6513
8140
13395
30043
32376
15520
24917
22576
27460
26161
19661
31337
22433
15888
23713
28515
5196
23605
30656
4634
7266
15679
19733
30708
32453
32619
7507
3707
1104
25456
8779
8868
3204
27982
31141
5446
17588
14881
7093
10155
4884
25320
4387
25978
30365
6352
22124
1099
5173
23775
551
10975
22648
29038
8189
19845
2080
14914
30858
22713
6265
32505
16324
3715
3482
18662
19235
6724
1771
25228
12095
9288
9511
28103
21578
30467
8597
30263
24611
25022
8096
2236
4708
15116
21773
29321
14305
27917
5614
23149
21373
26226
32270
6554
31162
20915
26401
29855
15864
1465
23176
28458
24483
915
22636
17437
8888
1503
13269
3925
29171
14400
8419
19041
18765
4300
32048
7900
13891
4822
25198
23135
13749
15362
28913
8752
14293
22800
32574
28563
16503
31190
3191
13841
14162
18275
21475
12959
9156
27658
21805
17512
13166
9996
12524
32730
29572
5594
17822
18719
25502
28548
28727
315
3605
20091
5555
29142
27200
16690
23089
25969
32371
30485
23417
5277
1852
20507
24477
4905
2973
19911
5945
16420
17585
29414
8003
1135
23859
2951
31747
21417
21939
2728
26916
29733
21909
32750
12604
32502
31985
1277
8193
21883
20086
22266
31399
6435
27591
430
31350
10480
357
14727
6683
13732
20719
21084
23644
25900
23719
31606
8319
12996
14359
10619
3777
16660
11316
11702
17061
6942
28840
28902
26510
29606
27307
19747
23910
29485
11987
19527
28312
4896
29274
10270
32108
30525
2425
15024
21365
24268
29954
2413
6640
13771
32205
21152
23101
11052
6558
12118
31790
22865
7805
19400
286
13450
5098
14842
2743
19984
12941
2721
31834
11953
10517
21665
21505
15230
32004
20411
15704
9084
26379
14923
26510
20383
6827
420
27404
15036
23515
22391
5680
30589
19597
1465
22592
3075
23679
25044
16851
17176
1853
29923
9451
31283
29130
22595
15955
25927
24038
30949
14044
22837
20304
26663
10435
18055
4647
133
15336
12989
27794
13582
30525
28125
28916
29573
31687
8217
29543
16774
28576
17563
23109
7774
21752
9906
15032
13340
18722
11394
13335
30250
1241
32430
30693
3949
32400
16283
11309
4693
12990
4282
24406
15834
7
32271
11747
27993
5153
12720
16817
27707
25961
2475
32089
4840
23331
29857
7941
13946
24606
29270
7770
26014
12229
30996
16614
3068
2824
5830
26639
25740
20320
30664
17203
30524
9381
30050
15241
22529
27071
12898
2226
10774
14450
30676
14873
1330
28709
20242
31118
10287
23278
24714
14964
19843
11708
13300
13326
10348
166
21224
17082
3715
5036
13941
1443
23189
18283
7362
11974
27718
15332
7445
29953
18159
8206
11843
20370
22524
2295
23063
28695
12831
26034
11924
14977
14294
8203
27557
25413
7911
3569
414
22104
1114
24443
14783
21895
15979
7593
6658
14799
8178
8269
26928
4848
28689
9976
14774
10923
32612
10941
11841
32703
7545
13617
20537
27891
27780
2991
23193
13181
12043
8873
21849
4355
13021
2359
12531
26445
20045
21405
6366
23455
22637
7108
9881
16028
14971
3998
30906
21469
6691
9811
15148
950
27293
12616
11315
27079
13667
19416
32115
26365
10183
20313
9878
26088
15257
2946
21756
16775
12810
23007
26360
32410
30640
32198
7685
2118
27764
28788
9623
3674
1787
29923
4008
2134
5440
27541
16459
12534
6934
1339
11874
27532
25823
6593
2588
24837
13717
3848
10562
79
27886
22545
25943
3522
27958
12711
2450
6142
31024
2684
9363
25088
4771
19131
3245
28443
3956
20829
26796
17536
20920
19984
20890
11792
15390
4683
16614
24218
29434
7681
4174
9784
29267
20529
7794
2855
31435
24214
27060
20758
18719
12049
17379
18910
22359
22070
7640
8389
10655
20313
14900
18649
23889
12347
10223
5594
20270
7569
25778
4763
22044
6357
6486
1825
24020
15327
24278
28115
3270
26800
10901
14693
16602
21231
4664
22997
2232
2687
15131
18167
22628
18455
14205
6818
12258
19663
21325
1066
11309
24571
10066
13343
32413
19722
3654
17118
20245
13661
16132
18801
21179
17277
6488
3072
8112
5887
26252
14436
24624
19023
18166
30382
16348
14614
30567
25903
17694
31652
8091
14843
24231
29427
1759
15083
15492
16944
3121
12388
17810
16815
27812
15790
13228
171
8143
31956
2412
20895
27489
19340
4953
25261
29248
3157
26371
7927
4991
19881
14535
14791
22426
26661
30333
15756
29016
83
26501
2506
30456
22481
12486
23416
107
4037
28407
29546
963
21450
4625
19328
6759
6330
3679
9527
30877
23587
8193
22388
20017
15283
1321
7047
31871
21102
21016
27999
13802
18515
30631
19327
23095
29799
22978
9291
28887
29817
28385
13976
22730
625
4742
20022
28446
14286
2854
10308
17184
9953
18906
22068
9535
31059
749
18518
24185
31081
7074
18645
17527
7594
11059
25285
6308
4826
20983
23152
6822
9891
28066
19600
8991
1254
18274
9503
22458
19679
7252
31448
21095
5601
6049
3565
26073
16105
24143
24827
19886
31959
11383
30764
20562
24045
4919
8333
19400
1457
393
8175
21281
22902
12370
6575
25537
20935
5654
12827
10365
27658
10520
2704
7667
31042
13997
15758
21531
1638
13967
15587
12643
14232
13621
20622
15640
20526
18669
4029
7895
1633
26765
22037
15786
4652
9648
4366
1624
8781
9152
18231
16786
10509
22118
25484
16949
20391
11515
14247
4487
32654
25416
17882
9041
29700
3113
9582
31169
18925
16706
8899
19888
31946
24520
3847
26158
11916
8987
30599
7546
26847
25977
9350
2187
2812
1022
15763
22188
27907
13369
12733
19904
13276
32512
31007
12268
30182
11515
16798
4873
24112
19417
12554
19860
23529
23781
7073
17609
4005
19210
12811
12845
19576
2851
881
11438
1602
31243
13577
16323
19761
1745
18641
27738
19160
19705
5855
10368
2687
23111
7247
19482
112
31238
29628
3941
26111
9147
2205
20603
28536
31555
2747
12927
22731
8305
1434
6960
4794
4945
26868
2150
4206
27349
31318
21075
7020
6722
9329
15525
20000
16935
24185
31151
4118
27828
24457
22190
3714
20146
17124
19503
26591
13192
290
5092
9656
6329
28919
8587
21603
31539
30583
18817
23274
24588
21395
5717
1185
7052
10340
1943
5303
9020
22509
20479
10001
29137
7715
14553
21305
26461
10797
15928
8134
17556
10341
18465
7234
20871
9974
2907
10252
21119
24153
24788
12144
5303
22624
25119
15968
22764
6263
664
5276
13874
15789
25809
8890
9397
8106
11995
23044
26739
3662
22713
9469
9619
9026
966
31699
873
10335
8588
16516
29106
15092
11540
17705
25133
18177
15542
30527
3179
24995
26990
29470
30137
7500
13253
27113
26739
11598
8570
8234
22300
9515
30817
26544
5707
26934
8797
11775
24488
16848
7232
31591
28482
30918
23015
3681
19559
9298
22676
12142
6799
23248
24327
25327
32513
28510
10017
1301
21662
5267
25471
19663
23283
14912
4828
74
16968
12436
7270
13528
7172
27439
1301
22293
24369
18560
28816
10418
3103
28741
310
19234
23726
20873
5804
12898
28992
18197
24340
25270
16513
2683
24571
3610
11075
29229
15098
9654
28894
13460
1123
7968
15866
4327
25505
4532
27676
16754
18559
20606
21686
13524
909
19577
15875
25521
16336
7205
30780
19653
16968
23302
2731
4703
27820
19232
22398
26856
6722
10395
436
4930
6820
12646
23792
19532
17437
7305
10688
18497
25881
6016
7940
30953
10057
20792
4632
12672
30234
17589
26302
28090
30347
24797
31566
27013
25678
4268
20362
13737
4851
26468
8990
19073
2899
9836
16729
2147
28553
22348
30820
9966
33
12753
16251
22626
16184
13943
27947
215
20067
8426
10703
1928
15792
7105
16985
4268
26432
17172
1940
22296
9062
22581
16168
32487
13716
14493
7047
23242
13022
17114
9094
26334
19281
28949
25956
12476
16169
28060
30232
29415
18298
28909
491
16938
31953
6818
12115
15239
17505
756
4146
280
4928
31405
9843
29905
28978
23819
19697
6384
25154
1981
15967
8096
619
30457
4108
10945
10818
3862
9263
19927
13825
11411
6660
19137
26033
275
20189
18864
32289
31285
32520
10939
1208
10878
3905
7180
9702
16784
9804
3270
21622
19160
25458
11812
2536
11677
28542
25869
2869
400
21217
22086
12218
13847
26793
23828
3080
7353
28526
26225
23201
11997
31744
15609
16133
13746
24617
32571
12776
14883
6429
28440
19704
29146
19677
6506
6782
28621
12967
18472
28359
28315
13556
8015
9370
13267
2803
9931
31186
3298
30258
10982
7610
22432
29503
22689
23957
13593
15286
24568
18586
17416
17928
4214
22970
28155
16961
5782
9092
27691
10288
10524
16035
30095
16268
21088
28070
31349
20767
451
26872
18266
14573
431
18719
13235
20630
24265
718
21511
15777
24356
23487
236
17693
16359
32471
30461
4550
10612
13847
31280
12301
22149
22426
7591
4855
29318
4618
9741
24007
383
5478
32207
30696
28232
4856
31723
18703
19935
16218
25234
11385
3941
21339
20447
25017
2199
4525
18692
22204
2616
11343
15992
27431
29902
17797
27298
191
13252
12472
19227
11708
27617
20815
24199
19901
29868
4484
13963
14921
27086
6870
3102
16265
22809
12716
12948
16740
26631
22054
3810
25729
30586
12947
29407
20244
26761
6607
13880
15548
30933
4037
227
23531
17754
17351
24534
3697
22719
1519
22514
4672
21101
17054
23828
2444
28808
7004
29142
29901
4207
8227
6979
5176
14628
9261
10550
25063
22308
18280
22339
15719
25895
11347
11893
13902
32451
4741
4941
17216
18147
8152
28562
6276
24609
18991
9494
26406
11180
23077
32310
21494
988
4476
9410
27120
23186
17892
22083
4903
6483
15119
5577
3524
4015
27659
30276
11767
26253
32032
7105
14409
27302
24614
12565
13511
7713
23376
16156
31490
42
4594
29650
5510
14170
12297
22408
19070
15577
5839
14850
4767
24538
7310
20373
5774
29429
25267
8724
9878
1880
26292
30433
964
22414
19388
29828
8917
28351
5893
4307
26043
6390
24924
8767
3179
2134
32666
5811
3790
16204
18968
3732
22321
29321
16824
18122
7064
21323
13976
32098
31554
21349
21027
10568
26087
19002
18475
17787
22955
17182
14225
20451
27279
30242
32227
5043
5097
202
8162
28837
11539
2139
22490
26964
10767
847
23341
8149
3050
31658
30485
13756
28491
29256
11733
11129
17013
27065
13633
23829
24587
8073
14552
3857
20778
23639
7352
14065
21218
20812
82
9495
26403
24266
19524
19187
17399
15557
19786
23667
13623
218
5078
27166
3710
5415
25341
6442
27001
21316
13469
24742
25712
18668
7288
23390
18606
25583
9096
23724
29693
1538
6980
22177
7141
3769
22868
14346
23076
6309
9918
23519
16942
2703
32560
31065
26546
5568
16590
22584
28648
8379
29832
24716
19690
14097
28029
1808
32007
4877
30407
21932
21491
7038
5158
3246
5821
4923
21267
12875
13283
10509
27395
18426
11913
23747
20828
5798
7243
22107
11045
21500
32167
14958
22934
23504
2777
24515
13824
22441
17504
14892
25385
17245
24892
29027
22824
2432
22407
5365
7455
12628
21259
19565
25850
6744
25236
8375
27670
26332
5726
11283
18296
28379
9179
15646
9851
7954
30406
7836
13705
28083
17551
15804
21235
8154
16126
16626
4619
11863
2500
29168
1257
3244
19827
3563
2453
15289
7202
23087
4784
5812
13012
15133
12800
23396
15016
14686
6251
27833
1148
8932
25484
22049
21162
27199
2249
26600
21522
13073
26450
4025
2579
6040
14589
6227
4840
24734
31097
13955
2505
3892
15592
24882
29470
27582
14904
26129
12414
25903
13948
15137
11940
16117
2480
11215
27064
19808
10187
17146
29390
24369
26272
15852
28875
20364
8306
18026
10246
17820
14369
8582
2231
25359
11312
12954
15383
21238
29038
8182
6083
13689
17375
2941
7
31721
11190
27409
26587
4431
2120
32175
10037
21759
32693
30122
2729
10533
3923
26341
2415
31096
23993
24600
2079
28049
2174
10738
7548
32640
2545
20080
20246
1087
5648
6673
4380
7138
22977
17301
3013
542
10612
17847
5075
9332
28380
21519
22322
24967
3641
2919
29435
2098
25907
7890
3289
20235
210
1693
447
18168
31006
25271
9954
27827
11369
25484
18066
28311
9155
7605
30689
7230
26086
1250
21288
9766
13011
29785
9771
7957
16241
23102
15595
17157
22076
13628
6625
10457
1129
25430
27053
5732
18866
2103
32504
28654
6860
4591
14656
23004
8285
27307
21178
27593
30576
3021
31780
28680
23116
20885
15291
16414
8410
30697
2494
19627
3604
5600
24850
5447
8619
961
20799
19120
13629
31661
27107
24892
31256
24901
9321
11582
29852
32206
6655
32217
22376
8852
27488
16332
11286
9046
12622
8828
20725
14929
24512
4560
14109
11649
14737
13798
14071
14068
1046
2995
16932
32582
30698
32541
7337
19909
29937
14147
17016
8044
7009
13046
28726
14314
12631
28902
13139
25766
2722
16451
10205
26402
18141
31041
23200
4300
28248
32198
3560
13463
22652
31124
8697
12209
12744
1739
10450
15224
30101
17942
8377
10639
10967
11238
19519
740
30498
3626
7686
23123
10430
32010
18811
28834
22535
1816
28117
5176
8289
6378
25586
25173
26403
24990
30376
21606
9840
15619
23776
17341
27881
21640
25985
14923
13947
32126
12138
3893
5494
10001
4686
4504
15739
4345
32171
12939
6227
16707
26133
11170
30126
13537
22088
16793
29589
650
22616
13008
10140
4299
21282
13641
28446
15508
24023
601
17486
13332
22890
26018
13189
3799
29485
18646
7787
21870
30061
8527
872
19248
382
11921
20609
1653
13944
19374
26465
14448
4758
23556
17836
28154
972
1915
26111
30364
11215
21425
11522
2001
23729
13464
8818
12607
19869
16771
19466
26535
20412
1528
12198
30280
7014
27375
16586
26276
21895
25816
29155
15327
26609
21890
10085
13311
23580
208
6201
6785
20511
32602
15909
3153
25157
27836
23274
2217
27936
6300
189
8613
517
15836
23979
11404
26555
23485
1376
12424
31512
1511
11289
18327
14826
2413
12018
16535
16882
20365
25180
15516
20698
26385
14981
11090
16703
23414
22614
10436
4560
6770
24380
833
27994
20679
26785
20153
32217
1756
2740
3519
9716
32627
5039
27578
13507
7337
30258
28114
12232
14027
59
28637
25871
3427
2775
1569
11185
13430
23951
5618
27506
9940
22834
6505
30116
32533
30892
6597
31361
410
25670
27795
297
28092
6377
17465
7521
9713
7545
8327
21622
16102
6187
25133
22105
3508
25648
25638
20506
13191
14244
13491
10900
5270
17866
6461
13736
25165
2283
18635
20131
27718
6690
30470
1217
28813
4115
10245
13313
21688
16330
9569
12770
4506
19208
13830
453
21578
6576
14513
6612
30323
16434
17017
16961
1503
10040
1935
26844
1123
23508
28997
9206
7354
20850
14992
4350
22775
29992
14521
11063
17806
3657
11368
7640
4982
27710
13213
9427
24785
28057
12749
19472
23526
7323
13300
11147
25256
12526
31332
4288
27399
15159
25913
24307
18247
10627
8623
15854
3973
8449
29306
27162
4927
24611
15393
21654
28390
4079
23442
27584
19814
15099
21902
4146
3963
5392
6764
31946
32208
11705
10965
25471
18694
29239
17491
27060
24262
16678
22676
4910
23276
28960
11469
6687
4070
5401
21030
6611
12672
611
23468
17902
24329
25674
2366
30097
13804
22111
6682
29192
17747
3508
26218
30404
27041
2114
23289
23595
26828
30126
8603
4918
5810
12837
21093
11579
11555
10158
27098
903
19769
11008
11860
20803
17151
5286
27362
19688
21093
16106
17064
25112
27406
16396
3565
28232
1299
30592
19391
16613
20043
15173
32105
9936
27786
7786
24253
10494
4642
5209
10653
23831
16963
24159
403
368
8687
11661
21847
1361
19148
21804
2627
31082
31855
10765
6173
16754
22976
7724
6812
6638
13456
31145
25589
17850
22932
12135
12422
896
2128
5936
29705
22927
23789
5914
20798
3614
32230
9516
17924
32396
19223
6789
23899
22815
23104
17358
22681
21742
9181
23343
16931
14775
28626
1597
25208
32112
30160
32207
29668
21566
22349
22885
7854
654
30805
28846
23837
28545
18838
26318
8335
16452
28307
17434
23294
7389
20193
19148
18132
10732
30302
21090
18643
15528
25734
22268
1045
15431
2272
27812
22798
22077
30168
28290
27525
4370
4319
26780
11944
20792
31626
30964
7354
15981
2657
6885
25023
26100
9307
4867
20246
32442
8769
2055
16803
4509
561
8687
28459
13567
7579
2120
21340
27354
11114
971
16497
1890
22492
2800
17391
9792
32316
12796
15233
12838
3339
7640
8724
32178
22442
32543
27209
15426
25232
7551
21382
12872
22977
20481
18191
25865
31505
14964
29676
25532
27039
31786
22191
11082
14168
18097
22812
4873
21696
16600
19038
3992
1660
4267
1821
20701
4918
25531
26260
16049
29617
13688
13706
18784
26925
14305
20936
27665
29005
21440
13399
4414
22695
30548
28488
13100
12061
16053
32733
22578
22814
27446
420
5042
11192
29241
16224
4537
25053
11117
20410
25642
12737
18102
1466
8888
7157
5094
14389
27275
9607
6953
22270
4763
7225
9271
17838
31386
25500
29857
8774
21638
31359
19296
21794
31894
5706
29443
28238
31987
22969
7940
25834
2482
8635
13174
13703
30645
20326
676
15059
10659
26944
14790
13697
26000
4684
28343
20310
16635
19601
7765
13008
15685
16526
28147
8740
13986
8084
849
25853
20943
6752
17939
21418
6460
23044
31267
26412
5634
4358
29407
21521
24357
11814
1395
4016
4646
11742
2436
30635
12377
32320
30239
16033
27127
7597
2108
26062
31891
17923
17520
24158
10501
23870
17454
32030
23159
4727
2474
13722
22098
25232
10027
16985
216
16698
31456
12685
31394
23639
12589
14119
3546
8874
3587
14299
14969
5179
27146
474
21083
31361
30021
22438
3353
15879
832
852
15099
2744
27425
3126
23824
5365
4553
20994
23191
19494
30451
844
10459
28335
18603
31109
22880
19327
22694
18970
6597
10836
7599
3757
14077
23550
10223
31571
16317
26282
23959
15366
20758
14830
28188
9400
2135
10903
19509
29349
20654
5039
28559
13523
21583
26263
5239
22060
10705
32129
16495
1808
20202
10909
21606
17862
27759
9977
21190
9085
15886
9881
21787
4519
7848
30537
30917
30563
22487
12108
20637
11859
30283
27523
5021
24046
2410
13039
15205
5687
7155
7992
14540
31027
18364
20167
6208
18895
25354
18178
8344
5566
7761
12829
14635
21723
19571
25992
366
8257
21550
26285
10594
10902
5891
3525
7605
12226
13057
15104
17777
13309
27572
17883
32206
14802
13518
7914
24584
23689
31324
25025
3036
29977
23722
31440
7736
6332
11693
22704
26603
5934
31511
359
24243
29209
3715
31089
7865
8988
13521
19026
32680
17995
14816
25257
7484
9689
5108
8317
4105
25631
574
22760
4408
17049
6371
11198
29727
22697
29067
7093
24178
25128
895
19063
1248
27327
20989
22176
20982
3280
87
7323
11502
4219
7269
25761
23760
262
208
30871
7986
19985
26994
22811
11964
3236
9887
17360
15270
28080
762
3936
15584
22850
18060
27336
7842
17830
27487
27359
3175
2598
28233
12914
4866
6593
10251
3508
29676
19116
13349
16479
17831
5431
5516
23960
29337
17993
10463
6623
12466
17160
7515
25802
19833
27194
19004
20862
24341
2560
9321
5473
18002
23215
22882
30632
28052
20327
19741
32071
818
28609
12052
27653
2957
30998
24896
22600
1707
370
6580
15980
26759
13655
3414
18019
17901
9786
30580
15480
5333
28019
19468
17661
28414
1275
11351
10316
13843
30647
21397
5528
2314
9598
12901
22219
28214
20812
30969
23697
31193
15044
26663
31386
18114
11789
10593
20292
6390
4141
22481
10215
2590
28630
7698
24439
7767
16265
32322
21324
26836
22245
9195
24415
6202
19431
24717
29274
17154
27810
21142
20300
17349
5683
18325
22273
13994
5376
25118
22167
8136
23729
13368
30882
1073
20072
23727
15872
5507
1594
10174
28260
3630
14185
7321
17748
24699
1003
3501
96
22507
24452
3631
25166
17694
26409
22733
19365
23601
13315
32610
17662
23787
30916
14077
29854
1211
25058
31222
11529
20441
451
27646
9025
11481
9894
13017
25716
16913
6438
25555
22617
4055
9930
29761
9067
25567
2458
5815
4827
17055
30148
18360
8556
23886
28586
23716
14708
16852
3746
26051
2887
8528
26247
23770
4452
31449
26739
6098
9901
17680
15395
18488
4645
29204
7912
20685
27676
25355
11265
20688
25796
13955
30109
15527
19892
12462
3220
28821
5388
5815
2176
26685
7465
16183
1513
11398
18750
9803
18413
19458
27962
19266
13085
29110
5507
7029
15227
12569
14694
7795
24564
12124
7152
21042
10309
932
19673
2324
21602
18566
11710
25894
26563
25729
1324
16930
727
11964
24406
12246
17153
18191
30339
12291
15739
4584
27462
4268
18654
3751
10007
9194
32081
28703
22192
23050
1241
4635
32130
10818
1619
32268
27512
17252
9789
13277
5860
4015
18394
23814
27853
22584
5335
21605
26602
26499
4280
26166
8168
24927
19575
15461
16353
32529
28025
25715
4178
18221
14483
31434
1108
21814
28206
18688
20903
31607
32712
261
3448
6793
28487
15345
4428
20030
27400
10837
27222
23872
18705
10929
32675
20500
3827
4452
3135
16248
9665
19539
5691
18741
22353
11240
19349
30224
22244
19254
26571
27092
6767
4911
20300
20599
665
19329
22747
21414
26701
30013
8198
9580
4998
4793
32332
839
23276
6224
27696
31885
19663
31248
29073
16156
7101
24099
1078
12472
8916
15923
15205
7560
7649
22819
11193
11282
9052
10597
31951
16914
20972
13793
3626
6641
26893
32185
14294
2633
27532
916
11815
13255
7179
28361
3026
14025
30194
100
25036
21772
9730
8681
5288
29089
20224
11797
2035
16682
24496
24925
29968
19302
15346
17059
3617
29803
25134
22371
29699
20063
25512
23060
3936
11832
14124
26244
7912
12694
12786
20419
23691
21947
14972
19979
27918
31341
14608
7293
4028
21670
31674
13757
21882
4648
12050
951
12312
10481
3540
31619
708
23785
26427
4781
19408
5911
15451
14354
29431
28613
17993
13059
20565
20235
32123
29468
3025
25915
9783
13702
19600
18050
20009
10344
3471
22546
10939
2372
28045
25864
6471
12959
16126
21186
24618
8816
13664
31420
29941
16556
4616
10471
32108
24576
30261
14335
26331
22013
30698
27090
8411
15101
27735
30518
10578
8687
8699
8970
1457
23484
21989
28921
17570
13297
25420
18046
22243
30234
24740
28358
21864
27646
16512
28154
23283
19829
32435
15319
24843
19432
3519
11542
13540
10094
31847
5969
32583
27329
22803
9319
16607
5017
19631
14150
7321
22219
32229
8317
6987
8747
699
30214
14361
20367
31979
25597
6514
20998
14759
14958
25833
11711
30674
13498
24811
11848
7616
32227
5985
13939
3281
10803
8745
26483
29727
27371
18280
12789
409
1575
7057
3638
12588
1600
7295
5001
18414
30685
6000
23664
23794
27516
17838
22500
4109
30879
16362
26488
7869
17694
22333
1054
32767
30639
19788
28111
26604
27856
6763
13786
17336
14193
13156
15194
20729
18643
25082
16014
8751
31453
25555
27255
19334
5193
7207
25358
8
24109
13411
6060
20887
13258
21205
25444
28241
18536
24990
5637
23360
1183
14298
2277
15875
22172
28773
17222
29029
23762
11429
13189
15331
29198
20616
26764
4737
2428
24986
7051
6166
9234
22453
24391
29496
2104
21432
11991
22493
10395
5041
10029
12075
27033
5247
21795
11776
9028
4294
25543
23598
28273
23527
25905
12155
32460
21037
20668
9860
29152
518
30199
25188
17541
14035
13480
9475
6782
4517
13104
22594
11801
13278
31123
21199
23934
14219
22447
30171
14217
8679
30873
17579
5022
15286
32230
12785
32641
5848
2706
10670
11934
9172
27390
5322
11571
13025
7925
11984
4530
26852
29575
27776
28924
20069
27025
27579
26989
5421
3119
3126
31030
3686
4498
25956
13159
29823
25851
25119
6212
28367
6851
16731
5326
32669
28102
3111
5136
20785
14577
8121
31146
21573
12376
12062
3121
14643
24926
9304
12564
16577
1800
17282
15380
32461
792
20347
16672
25415
1311
22894
31368
16365
15461
15253
22793
10106
5758
18221
7247
20335
20632
27926
27301
20869
8981
26102
21306
21230
19468
28652
5967
531
23432
3942
11676
4142
24843
25388
6686
1358
694
11794
16973
27539
10036
5647
28609
16504
15448
5054
18708
4318
1315
26007
25613
15260
22644
26089
142
16173
24783
22733
13884
24828
3952
21033
9934
18616
19662
2969
11367
21292
10660
817
20394
26798
17650
4933
26643
27530
23249
32067
3589
6006
25088
11533
3401
21488
437
21627
12138
11051
17002
176
17264
6678
27858
6386
25392
7761
13221
14298
7467
13588
28231
19032
4462
31554
25135
17500
10613
27787
26955
1910
2048
25571
32021
10005
8693
31994
15215
12176
13370
3916
6047
29406
8038
4722
13459
16774
29001
11880
32363
24964
30355
29449
11948
19892
15932
6526
15938
2512
3817
7900
15373
9963
13505
8032
9223
27327
24681
13969
2953
9374
8277
18969
21377
24382
1710
18343
147
1491
13580
22176
30503
23055
11844
17266
13115
13974
27764
32654
31547
11507
9436
10281
16191
5526
22738
28679
4204
29797
12274
5948
15329
21870
31427
14283
3727
32180
30529
28952
1554
21212
10496
31508
6200
9643
12246
24452
3952
14855
18279
1176
23539
23851
20319
11304
15541
25380
28525
8283
26156
6402
31816
31108
7597
32439
21634
22946
17568
3763
24548
6830
26155
16372
21502
29590
20023
19033
27703
18842
16364
23012
11625
795
7896
5677
9807
10619
27950
13568
16376
2421
13926
14798
10517
25154
7467
15571
29876
30185
13729
10460
24887
9274
10023
5499
28445
9711
6222
26359
9462
21977
29726
9942
32332
30847
7609
3967
10196
28338
12461
23151
20448
19151
32324
28495
19442
11879
7917
6071
11804
32512
12886
24922
1712
25485
29986
11330
17955
29958
11779
25780
9460
20762
10116
647
13865
26990
2444
1665
7604
19035
15921
10230
22377
1394
22866
14892
29553
22054
4068
7987
27131
8381
12912
3595
6245
26818
15567
23272
4279
5750
25855
17440
12375
30723
19534
28341
25981
11682
3128
23681
24361
15401
26779
22671
15984
23270
26238
375
26918
25706
16487
31285
22311
26689
12747
15409
21477
14874
14742
29748
16688
31969
14488
20282
1524
1467
25222
32495
13567
10639
10174
745
17394
8268
6971
24436
29941
22693
31840
23282
30676
13198
27386
8591
23432
29952
2377
13597
13431
9586
6278
10542
18945
17728
16081
26007
21170
18793
27159
22369
26606
841
23211
11880
20102
6661
31035
24681
27149
19867
12360
1139
22407
9133
21272
32217
22213
15747
16983
11085
31841
26184
13689
27283
30168
1842
14983
8878
3462
10914
12933
67
29729
17222
26089
16806
18945
17043
24862
9995
7065
31259
10878
29011
17292
19237
11126
28770
22744
6617
16427
26110
13442
31223
25960
25602
31053
30186
7174
1954
22632
27208
16736
13899
12858
13657
14225
20798
26316
8419
17601
32374
13348
21546
24676
31722
32494
30920
14965
3899
3429
11778
12998
10283
16670
23838
12054
9120
2391
25501
7820
6666
14872
8338
5518
18820
15113
29834
22873
7097
27970
20978
10659
12754
2324
16669
10017
17478
6432
16386
29041
2955
28671
2508
20072
22900
28848
2427
17237
17624
2037
8217
1887
14897
11566
26511
11619
24599
13243
3693
28639
20991
30090
28647
1284
1607
22565
16503
31370
18627
20084
28287
3049
19126
15330
17083
12761
24725
4469
18071
15522
22492
19083
9231
32398
31317
3685
25178
11923
22214
1973
6779
15350
19676
17717
17534
31355
21024
24512
26644
14247
2693
20533
26385
12148
16501
27819
30272
9043
29959
17412
4778
29989
11220
2420
22192
26383
25102
16366
16874
7821
2652
15422
23697
694
14320
5412
18115
330
30462
20351
29266
9467
7334
9698
20553
9548
26291
10385
2058
7797
20238
27246
4513
4992
30494
4421
5821
30149
12640
18075
13837
22997
22422
2433
10157
31982
6125
4844
7353
21160
20986
14954
18297
9680
10212
7531
12721
10505
26540
1957
8446
12404
27957
746
10184
5792
2737
11771
31584
31001
12816
22588
30693
31526
8825
25506
29180
11011
184
26428
15937
15928
390
24650
26637
20407
10290
5384
25958
25185
31388
19416
29224
32083
12189
8420
13644
15376
4314
8125
31312
23557
5636
10530
10883
8444
8587
22031
12043
9273
19748
11993
31925
4042
17067
3361
9272
32670
14608
6948
30852
28211
5403
25637
23913
25321
30702
550
11285
24332
14882
21450
14843
23364
9841
3528
7302
23577
14255
2767
26716
17094
8230
20045
28002
24275
4964
17962
19286
19290
20244
29294
21740
1591
15700
4965
7242
24926
7295
10191
11817
11984
13997
26213
19144
27347
1664
30432
18705
16069
13403
7310
27570
12767
22762
13471
25574
24056
7320
3410
11288
12499
17017
14874
15067
14244
3461
20535
30326
26911
19824
15974
24870
10252
30398
29681
10244
25920
6988
27943
29093
16110
10419
10316
16677
5399
19025
10989
2721
11600
4674
25410
23846
4005
28706
7709
14977
13494
15002
2803
13474
13413
9810
3024
19007
19376
22938
25367
17395
12546
8619
7946
6486
8194
6911
13589
13095
2190
16819
2517
19011
13633
24095
5080
26513
2106
19573
22766
16603
6786
28168
30280
10708
20882
28
21530
5906
29325
18594
16842
2516
30121
21470
19630
25409
577
9965
17641
17460
29076
19266
31413
21404
26555
30108
176
29052
19704
24904
31637
15942
4384
29600
26568
14607
14517
9881
19437
3940
4560
7800
8613
1560
23283
9497
19511
20981
21680
15288
22272
614
10207
26688
2114
21314
24496
29562
28007
13830
30979
29056
14895
12520
9285
103
9323
18442
25812
29336
3760
27543
11506
27508
13410
25412
25040
30625
6556
6210
29093
20144
21969
16310
32532
21592
8077
14460
32204
1476
23962
988
6097
28477
25051
9624
22954
30602
18536
32131
31892
9788
19913
28601
6783
16018
11258
18540
32242
28991
12893
13429
3195
5261
30233
14907
5914
24142
11896
2522
2888
27256
7092
1587
19762
24723
3003
18748
23568
15738
15855
13760
95
9983
27370
20109
22005
25769
16258
5762
28665
30201
26522
29630
26269
28551
17869
17162
30892
3752
26489
2709
32030
28223
3107
32485
17967
3210
22323
3534
11286
11651
4962
14466
7358
23164
9129
28745
9889
20005
8392
28989
3364
28915
3661
32581
20388
16918
3668
