18973
224
5821
2965
16041
3339
2302
5755
9883
13884
29829
31980
6227
17107
32652
2792
13552
17367
8205
29560
30538
23666
26578
21634
19627
14324
19070
26753
6566
15280
24323
4809
26461
22446
2096
19581
28948
4466
29776
1123
11509
20527
25386
11820
1820
461
1845
21349
22096
31674
13956
19975
24116
26922
30266
2264
25540
7477
13751
13389
30801
11606
4720
12638
20092
32413
18967
28320
667
11529
31135
28720
2438
2248
22238
15142
2085
2810
26793
683
1622
10293
23486
29194
4964
23441
12034
2424
27632
10975
27873
31739
23211
19728
6421
24529
15590
18407
28032
11787
11567
7273
826
31991
28437
27742
23683
20331
15172
6358
18579
27907
1887
18788
29909
3192
17555
11877
7667
27086
30494
8073
4725
32253
3439
20457
5968
18681
1277
18867
13176
21695
5133
8631
16275
29032
1360
31210
5664
24604
2564
26628
11301
24871
9673
20646
6442
28398
173
14340
18471
7702
702
14005
26577
526
3875
27194
15256
11253
10703
11963
13895
9747
1289
25543
15094
10906
11689
28491
28668
24311
24138
27343
6248
11227
27981
3720
20307
6333
24492
20066
10416
31147
27581
1474
22596
11487
3857
17580
14588
27066
2035
1314
7015
11669
27747
32099
3936
10647
15184
12881
11814
30711
11824
5994
336
31516
10038
2068
3589
7688
21414
4027
27808
19951
12635
8936
23690
17094
3416
25526
29434
11026
21077
29596
19928
32008
29608
21070
23362
4019
2967
8768
26200
26796
13757
26992
1057
26338
20739
25000
2675
15466
11286
82
15788
2798
16945
18901
973
22761
23410
18011
8506
3472
7540
1168
18475
11139
27737
31706
27746
22905
24690
12627
25344
24680
3658
15788
13713
25080
4566
5876
8789
20230
25182
24311
31490
24896
28969
30297
7375
7716
9659
29064
26765
12724
18200
18975
31334
5186
10739
26073
20586
7474
6720
1942
18023
14425
32652
3590
24877
31908
18665
28631
10910
4098
14356
20664
11904
29347
188
25578
25847
27490
5547
25023
25044
28655
2524
26671
3935
1035
13994
10015
5033
26908
25249
31153
5265
30556
544
13279
12580
21412
29190
12478
22459
30472
28101
27987
15595
4828
28279
30619
4536
47
11555
1936
23772
10516
9178
26814
17381
12598
3951
30099
19031
17178
5074
24331
4551
25767
21240
14782
9992
18213
2540
10920
21582
30010
26792
11552
21075
29781
6751
9772
18668
14236
2376
30015
20080
30869
10760
11298
16125
11556
16624
9477
3426
17992
32646
32110
25256
24232
8572
8094
27483
22568
20342
6140
22760
5484
6219
6657
30159
10911
245
6297
12291
23167
28471
14255
459
3498
27177
28135
7843
14445
12658
1570
18344
9411
14860
12775
1207
17990
31041
23170
15670
30966
13213
23244
11623
3047
5404
14062
4723
24647
7947
14223
11486
18241
16818
12743
13389
23207
12738
29978
9720
27607
12737
17718
37
12271
5259
2299
14361
11782
11595
20518
16701
21602
4416
16280
24752
28584
9415
17347
24113
9952
27110
6386
28822
22489
12460
11158
17119
6971
4271
2466
13267
13603
16084
8108
10366
9324
30325
10750
11687
24619
17857
12685
18274
8132
20182
29167
24129
10448
10057
23509
21387
8831
28251
22049
14952
8123
26835
7303
3272
21148
15751
12358
28782
25945
25949
31599
27163
15973
7049
4803
5920
22416
30002
31917
7341
19011
20267
15937
29789
20623
7207
27935
22674
1902
30337
14095
24226
3569
28829
11363
21498
32589
28126
23325
3062
7164
28308
25510
27388
7769
16675
13915
18943
24985
12277
22526
1580
31270
6780
25504
23188
32040
10762
11235
3657
14175
25648
16275
10247
258
18908
20075
11525
19954
28616
25058
23470
16077
22851
28013
13801
493
12446
30704
32246
24816
25636
10395
698
23384
6303
19170
24476
19376
21587
22988
8074
24750
3685
17909
10481
10219
32708
16968
23828
8584
5140
30028
29190
13950
14720
19440
19400
28591
28302
2928
6185
24156
13312
17575
25027
4530
3284
2746
22931
28621
23023
13876
21670
14846
9260
2366
32750
1578
21503
15758
27367
14923
24136
32006
18674
9455
328
18143
7393
14177
30360
15773
17017
26455
14524
1960
27141
10800
22427
8587
25489
5066
20341
16374
23993
20936
17039
378
13586
20206
17123
25414
25550
4799
25922
5636
7596
17689
4351
9979
26710
15546
3033
12789
7049
2869
28167
13026
28148
25494
12973
22138
8620
28649
19198
16046
24341
1637
28834
24362
28428
9148
21764
20357
20381
27282
21061
24732
21149
7497
30892
14270
22912
15708
1769
25453
15954
15705
16575
24928
5757
2034
22529
18620
3013
3833
11413
7462
393
9396
25209
12460
18092
5659
821
18719
18632
27601
14893
10287
24345
15649
26123
13917
26216
4979
9845
3554
19507
23230
13892
31561
9614
12574
21571
12429
7340
9172
29759
5799
28819
31089
13528
29220
22589
16149
18464
19855
9547
15122
14799
6036
21258
201
16451
6670
18263
17506
14917
16766
25521
11535
27279
252
21931
3773
26055
13373
26084
13772
4453
17192
11308
17494
4172
6930
5336
9557
9040
6065
10138
6380
27452
22394
25995
17880
2519
21612
19059
26180
11358
30652
1291
26300
35
11462
10241
30544
24656
24361
22428
7068
25850
13720
19595
23604
4195
2373
28332
31388
22238
23865
30372
24051
13958
16388
9481
12963
8634
3941
30352
12714
24802
28421
23262
22022
446
3324
17664
10983
20779
9225
32416
27372
28231
6160
8342
4320
3832
31012
24979
22240
19742
5625
27068
26578
15384
5066
2983
24147
26595
12582
1182
15991
12210
9055
4026
13317
26314
12965
10803
21125
26048
24711
5585
29368
21136
2992
7939
8171
13454
31030
28646
2448
3973
13840
6988
30134
11537
3824
21258
22275
20950
31878
25039
6749
9669
27697
15659
1654
266
24185
1488
17110
6792
5402
11710
27304
4487
28143
5160
6675
2581
2079
26931
27022
13098
14191
6439
27968
19410
4110
21609
25582
29543
16945
28536
1178
17766
21578
4834
25400
20291
28062
28866
29838
29376
27492
5460
24756
10030
3914
4550
65
2051
14461
27766
5113
6777
18641
16894
16690
27207
5172
8315
12872
13883
13979
17892
16853
18611
12547
24596
29988
21427
22762
2525
11569
7608
21621
2
16697
12324
17583
1489
31553
13615
28069
17459
9309
30091
13488
26815
5809
32200
29506
11533
25983
16416
12857
29864
32336
5053
3109
7021
19359
30827
22336
1777
5086
5601
3970
28294
28146
22069
4115
28656
8625
3208
31808
10428
31446
11294
11305
419
7603
9657
22122
27787
22354
28697
7740
7243
17520
17061
4710
3498
27817
5798
7545
7587
5680
18679
32217
24036
32025
12561
8455
403
1206
32738
30096
2513
19402
30278
11802
30514
6879
20114
7531
3987
9014
21242
29323
24196
27775
18370
18658
5063
15447
12657
18252
3773
14896
17736
20658
8513
25217
16897
6508
24108
17833
1643
2292
29105
26832
25549
30354
9529
25307
22834
15115
29677
5725
24411
8618
28013
12923
20633
6134
17006
25856
1346
22989
28981
3618
10654
2663
3387
17092
7091
19862
265
7566
13000
9741
22241
27783
26283
11211
23045
14803
1895
8817
29420
16680
17993
16735
27105
31228
11601
17018
7057
1124
25811
3089
20209
29577
29035
23299
19445
29497
32670
32288
6103
29570
5912
26361
10441
28173
25137
17463
11804
32757
28846
19924
19808
1235
26285
7416
6059
31556
1851
21225
26605
12273
9519
726
24809
3283
13719
27175
32753
28263
21857
6420
10463
9364
12709
6193
24268
17577
1966
22603
31618
20838
22125
10873
10684
11652
2971
5239
21747
27872
4653
31137
2593
15935
30752
14563
26328
17098
14154
31415
16369
10054
2568
14111
10999
27778
5400
12975
19655
26986
26804
16294
1255
2328
21062
12193
7033
20349
26428
19084
32142
10212
7340
32701
4188
24236
18017
15606
6199
2044
29788
5260
10394
18353
26121
3405
31352
5746
21941
5846
5478
8891
16347
6046
25608
1282
28629
11260
22818
28853
19161
10562
23029
6222
27835
9461
5876
14375
12415
3172
22385
3233
15463
15360
30123
20365
29887
19219
8393
13470
10954
29373
30133
30103
26773
24156
18114
1811
14779
17281
1169
7167
13830
29485
26563
26515
6676
14646
25718
9722
28007
18529
7990
19616
24890
26508
16105
1595
26267
32446
3288
6138
29502
14730
27868
15416
20827
30043
27058
21069
565
6636
10192
746
32400
21622
14278
26988
21547
6996
19636
25033
8132
7170
30337
27313
10763
24996
5448
23034
1032
23629
7364
10744
3277
9804
3379
18462
23494
23044
25774
4425
11479
12731
16071
10880
19
13089
27337
2163
4711
30810
31643
11984
5769
9126
7598
19216
22322
13247
3188
14322
16534
21850
26008
12973
11159
4272
13449
25354
23733
3279
2291
22329
2108
21780
18194
14723
32597
19330
4587
5815
27840
2821
6711
13978
28211
31438
12756
2217
12195
21821
15148
7702
27141
6761
7449
32422
31313
4461
14794
21007
31806
2592
31990
20343
21154
18821
2652
28238
2001
29031
18352
4664
19669
31808
27398
3289
9870
1253
596
4168
9808
30464
16715
21794
25044
21898
30302
28118
7552
2691
20760
20740
12761
22334
22218
9420
651
5396
226
20896
8326
6423
1177
32604
10669
24806
23260
23940
17821
26333
24995
18598
23588
78
9151
6386
1472
13831
17783
10635
7548
23775
31059
3028
17743
26298
31858
30091
15050
20329
9912
8017
12694
12304
6572
14070
31093
10542
24493
11832
390
22586
2137
24757
20942
30173
12770
3489
25421
30662
17981
5600
19320
26768
4766
5130
18835
5458
32534
19868
5205
32006
16336
19159
5856
28673
3860
1887
6846
32348
2988
31162
19294
20264
7900
8976
16008
3414
19449
33
18151
12005
5981
2594
5762
30925
9690
23419
14631
20057
25480
6441
1224
8561
16308
32627
7162
3474
19001
10016
25195
1933
31122
3499
8367
2157
18685
12830
10117
11126
1872
28087
17006
30150
29636
26998
29432
11906
7688
30718
1663
22889
16985
3783
22088
13355
12316
20292
18608
19222
23712
13239
3612
2928
14432
28211
30075
8714
831
21192
264
22748
6321
21702
24443
10963
22148
8440
18197
22961
16138
20123
30151
1979
25121
12422
20854
28966
14775
25923
16676
30592
11434
687
30609
266
24417
7164
3295
24389
27918
24065
14932
6172
9876
32415
21515
21954
30083
4726
8549
10095
16201
5605
7474
4962
12050
28689
12896
28739
4729
8793
11670
32530
18151
13966
17231
5592
20932
28959
26240
9067
312
15549
20820
9927
30693
10794
23997
19758
23500
22963
13668
24625
21106
29632
31248
21472
19054
10465
29061
9149
6926
26956
8417
14393
32722
27799
22141
22864
19411
20314
15728
14293
10952
26762
4921
13398
18766
31589
29952
6666
12598
29783
7078
23712
13569
13086
18134
23696
17444
23537
26619
23732
29531
31385
8565
22340
3758
7872
4578
13109
879
15168
5134
16988
30100
26103
2403
7812
12972
26010
7956
1462
5973
30842
16925
9759
26148
686
11321
5983
13909
19689
6862
1404
22067
32699
8267
28520
16176
6662
19132
17568
3996
30224
25784
10984
6119
1088
17218
21709
767
22190
914
2969
18247
22187
15090
4893
7687
8973
22893
13502
21507
23457
22503
13122
2582
23541
2878
22232
12144
6239
22015
31798
3331
24980
5676
22481
11087
5767
5774
6118
20370
15706
13141
14666
18981
27529
6633
25456
6432
22934
10128
6726
4264
22598
2572
27590
21441
28505
3442
3699
26246
15007
24665
14323
21571
19501
29644
3902
661
11948
18182
12853
26963
6793
19161
3166
17943
26188
24760
28833
1746
26643
31360
7417
30936
1614
2030
30182
31566
31075
31051
21356
8636
27982
26368
27962
14905
19636
26865
26954
16634
2088
12776
11597
26297
9730
30054
17788
2505
13627
29928
1592
5756
24628
19119
23105
14458
7886
7778
31713
14703
19606
16454
27946
9983
25474
18004
24517
11860
11346
2210
7047
3650
26508
17161
23636
12593
23311
1174
28222
20646
473
6327
17558
29398
28622
24282
358
5644
16644
3414
23720
29308
30021
21069
31248
2077
24608
3751
21517
31443
1871
366
11023
971
16199
31054
5303
7100
12768
14101
7414
6290
25030
13410
23117
20726
739
24250
14927
13831
20070
16714
15539
13962
22900
32420
4338
19561
20214
14557
29960
9667
22361
19442
6937
25281
5961
2933
20744
15979
9990
22508
3100
8270
908
14198
28638
7341
22543
831
30385
32115
12026
16610
23066
11074
21261
19060
20881
20387
10902
31862
18578
5159
12869
28510
23880
18937
13696
13465
18870
28731
26259
27692
28612
22811
16044
15413
23448
9091
6372
27549
11860
26908
1426
28090
30104
6241
13273
15817
8292
25425
2299
17509
27996
21416
3208
22766
5383
18363
28913
14400
9598
12839
27719
148
21030
505
24086
18584
5697
13892
24974
24422
21660
7525
8284
8431
30767
8779
14706
9583
22869
6662
17918
23092
10838
7012
4391
18463
14106
19948
1867
29217
4622
7886
13336
12834
13632
17914
18618
22886
24952
25422
29575
17801
27916
3245
2835
12868
20481
13505
10842
17727
48
5986
31356
7403
24704
18785
20631
2701
25439
9744
14650
26578
27022
11123
15092
9172
25849
24637
30171
12087
27641
20971
14652
17084
343
9111
13720
14400
18153
3205
18765
6455
5195
27427
76
14991
15206
31945
7895
30055
5638
14796
18762
15291
15366
1845
1463
31096
25479
28858
1333
9006
30137
32022
26439
11085
30180
7321
20608
17421
25741
16858
29176
9855
11165
4301
19734
9845
7785
23125
22464
7662
18253
22349
17229
18625
13481
25801
9738
7847
14525
8197
31419
13324
16851
22742
2760
10705
9487
21875
13046
25983
8047
30137
7959
28085
11827
26206
239
6504
15111
27800
7568
1335
9135
30457
8190
4998
1824
29840
28560
15
9113
16934
7977
836
12469
2563
30228
29312
32365
23673
11414
28625
8101
10706
21656
8754
20522
6565
19129
24644
18251
21848
21453
29896
18494
811
19588
10800
1278
27676
32381
7082
23134
28952
5984
31543
13181
4672
24354
26680
2277
4397
31654
8949
18226
31251
21126
31492
5565
30009
19002
24926
12317
31209
28457
6356
17775
7858
25063
22433
11590
4926
30311
5976
17743
5884
22074
14716
15425
4892
14494
18743
533
26232
3150
8469
10263
8071
7351
26931
25855
20962
30070
13798
22841
29168
32058
15311
20430
5883
26728
15976
15784
5568
9868
31203
23041
18910
17968
20154
16857
23170
26781
26860
125
23800
16229
16375
12220
7963
21657
10548
15402
4861
30282
12890
24201
21291
31315
7606
28567
28010
28720
8856
26272
22998
5952
18473
17675
3578
20002
14485
126
28057
9360
1943
28915
8018
26913
11685
32180
27109
22793
9662
2922
11024
30207
26286
31274
9072
22340
24147
16928
26345
32186
24706
21171
5633
22347
7968
12008
9095
14807
6741
29303
16033
27105
25823
10704
29255
20397
16303
14477
22152
7264
13440
5505
25829
13526
4472
13905
10972
9319
3286
31092
23038
22457
24915
23560
14390
11192
28790
12558
17692
30024
8757
29870
4100
20428
938
25864
15011
19786
4894
22804
29501
19987
89
5044
15861
25516
24906
28991
4125
42
6420
14873
2557
700
22217
22061
17682
32511
25186
15290
22291
32552
22817
25401
26969
11910
11623
2534
7238
31920
9913
24591
17796
12840
9829
21075
2036
25173
3122
19939
9145
1476
13957
7041
1
3041
12566
26870
9891
23129
16243
28571
761
25833
10672
2507
14902
25084
3981
7496
13296
3332
19518
21601
24994
3642
18599
28036
8593
24326
18485
27103
27239
14335
28683
8779
3423
799
10831
31898
12670
5157
16671
6654
4261
28839
16043
27743
2446
26951
32424
697
27771
22760
9098
22569
14344
24884
18223
11842
3207
8448
22041
20528
11888
3608
7846
32276
6112
8021
19883
28228
24833
14214
2689
25159
21619
26787
29055
29514
19148
27863
25951
28833
1316
15967
10424
32355
18317
9588
8593
26957
4648
11066
19058
20621
12995
30988
8403
19841
9164
23094
19616
28240
7164
23574
27984
28600
15498
22650
28704
7490
9094
30200
4127
12022
18576
8144
21178
29910
25285
8293
8184
837
21580
27086
1506
32172
362
936
18392
28303
18767
11703
6183
471
27500
11141
24736
26927
15326
4493
3679
13632
11015
30756
13240
5100
8900
15156
31096
1092
21861
32054
13756
9365
25638
8912
10358
225
30211
28190
18943
18483
11980
2297
14181
5693
23452
299
25284
3169
4088
1022
27162
4495
7911
996
9634
22491
13016
16130
20762
21939
14350
27882
14069
25405
30970
5801
31451
25145
12893
21715
7044
17174
12028
22843
31809
26062
5273
26973
31139
5486
2583
12116
21711
5026
7687
2618
14920
766
7320
26517
10355
23887
5532
3673
8757
8650
8904
17402
1444
9765
6234
751
14010
13536
3978
23216
10550
17153
8722
5115
5235
24297
25402
6817
3339
27765
14853
20958
7647
18623
4669
5610
24231
30069
9593
24262
15534
1097
4918
4284
24311
25954
12618
12700
16477
29867
25641
25877
29924
17189
3521
9161
14984
24192
28989
9990
22522
6476
1804
26045
6643
22864
25049
11359
23179
13129
22583
13614
12420
18705
7369
8279
26992
1735
10703
30873
16927
21387
31528
20850
18451
5993
17826
23908
28668
14423
1118
31459
575
14295
14567
7021
20737
18407
26000
30237
5925
13752
27684
23748
1286
27648
9789
5874
6850
26846
5460
28432
12260
22916
1766
2925
31677
20897
21549
5008
9526
17601
8899
2415
9280
10372
12689
20796
24458
5122
15143
16575
23190
235
27394
10908
2301
21085
12769
1305
32591
15324
1972
23704
19335
10685
31789
10035
17504
13546
6596
19607
27737
28110
5269
2948
21104
28102
2943
32751
23358
951
9349
17440
27660
23636
14056
28554
8290
17792
53
24205
16008
3319
30296
13993
27964
7946
5493
22042
32634
19795
15052
26835
8599
5076
32306
13623
1582
30670
21278
4322
15956
20848
15531
12593
16626
32022
32313
2614
10005
4786
4250
18771
9682
7600
16229
16608
2370
27651
1066
4590
23687
31423
22644
18124
10129
20862
20465
13454
10893
16544
29611
531
26447
19991
265
15597
16468
2554
10080
14874
16679
17835
11531
20274
31649
20861
13813
6188
5727
21686
12738
32635
13852
5913
12453
19909
2463
29420
7719
20277
21651
19385
2153
30148
25574
22353
13693
20247
17422
6838
31897
30688
24953
28464
30825
733
14500
23543
30882
11202
31476
28427
25842
28693
9163
14146
32183
9205
32709
13270
30477
12846
17212
22316
18726
2428
26263
28795
27390
32228
8774
16523
1350
25359
16786
10895
12330
14828
28455
12172
14649
4681
15421
32080
20285
31108
31416
27764
1864
21143
2969
10325
2628
17868
2320
14953
31709
11446
8007
4997
8133
5146
2310
2174
22355
16303
21312
18110
12135
26612
431
23181
9599
30074
23313
23088
25076
3436
21896
5030
19605
28168
28296
20280
17003
13919
20870
3048
29843
6263
26139
11726
25023
30498
13768
9536
12613
449
28035
31850
13121
14075
28497
3038
29430
4314
6952
1266
2259
12747
12402
12284
32162
25464
6946
6974
12369
24685
28462
25307
15824
20078
30244
1837
15958
18866
26090
8834
23063
15974
23681
16505
30848
19785
13229
22814
3750
20838
21945
8368
13183
9847
5033
29113
24001
21144
20792
21798
20568
29323
8609
7993
12463
23975
20557
18677
3558
16949
27465
22602
1704
17766
27787
17886
7353
2630
20265
21753
26664
17446
30332
4815
31369
28084
31441
3115
8347
18828
9724
6972
8701
12798
15952
19535
1471
25146
396
22038
25259
4845
11634
21926
15444
20326
3520
26838
23642
28714
7921
606
12357
23464
7346
18348
12949
12042
4908
22871
6810
9515
29235
20202
11670
10702
22705
1246
20420
31309
32761
23363
26604
23029
4557
29692
29458
20404
23389
29355
22386
16168
3486
14602
25339
28449
32587
15398
16829
14499
10134
11720
24968
32105
19652
9457
3304
5212
24242
20624
16099
26011
18052
9592
3178
20348
31599
2100
26325
29106
6786
7793
24601
15243
26942
1413
9753
23115
12783
30305
13683
19060
24714
23511
11975
13627
27487
30815
18632
28213
5640
14176
20432
4175
488
20517
29243
8974
17793
24934
13217
18392
28785
15373
20590
2458
605
27054
21061
32242
28216
29041
31802
1861
4521
7471
9374
21342
29591
23629
4381
13496
21447
24232
15970
27824
17729
27123
29165
23658
27448
1858
17449
7334
6171
14958
22799
17315
20852
16324
6104
16787
25845
12178
15230
28764
1231
22047
19948
29140
18448
17741
6650
11015
31855
14355
6267
31568
31733
27721
24925
20940
26254
12549
24337
1304
14790
18393
8204
9057
24539
19265
21311
32280
8190
10295
23121
14004
12214
7937
14489
4235
27408
17504
19429
17911
14052
26930
180
28363
8075
3990
7794
333
5034
19824
17796
10975
29120
20869
7111
578
1410
17927
8314
28864
8975
25273
10604
4711
317
3292
27910
25515
17111
1859
436
8121
26256
20557
8225
9373
26946
18090
24936
12136
7826
23477
26896
26720
14847
26352
21993
27111
23052
32581
14870
7134
24648
26350
14882
27290
27246
11712
22319
9280
11843
640
17772
728
21035
20676
13133
11619
4281
5543
15869
31521
29218
23917
24551
28986
27907
7362
12419
2096
14520
32282
8692
14691
28601
6281
6584
12437
14619
29204
19680
12262
18036
12902
29532
25971
15614
26616
3726
25955
32224
10484
25367
8370
9995
17
13994
1747
20918
20211
26463
19678
11614
10098
25423
8117
24718
10272
30992
23592
4905
14213
12542
11150
9889
19451
97
707
31448
18757
30832
10842
19514
18244
7883
27231
17958
15123
12457
31423
13755
23476
17690
24261
32035
23695
28184
13485
27814
14084
12849
22199
13472
9037
20618
23876
20062
21305
2929
30344
4030
14747
6992
18632
31767
29205
28035
4535
22381
4336
17150
30173
9312
19086
31104
31327
8129
30939
9406
22411
6292
22683
26748
28692
2854
15420
10997
951
12825
25888
19185
21009
5059
9866
1208
29882
7307
12133
20519
27166
10543
3970
20734
12715
30796
1212
31519
25700
10378
12996
615
2702
15415
32414
26749
3780
11555
5662
23149
24741
17996
28204
18661
27808
21862
24141
26187
1390
7729
232
13189
15630
4345
29798
4725
26817
5294
18661
3034
18628
6522
15241
28326
31941
11165
30699
15291
18857
9359
27299
5809
24237
29989
10417
20436
4712
4835
8852
19500
11776
24571
7922
24618
4217
9397
5813
774
10644
3535
18820
17732
18644
6763
10738
2324
10102
29033
32516
2743
12997
25540
12178
16623
21436
32666
32035
21821
23380
6666
16132
16371
14986
30227
31019
21527
27139
15694
7760
25769
15433
9236
19781
11845
31546
31144
18128
10526
19902
15928
32229
6254
8349
30584
3222
28677
11454
7920
28410
6559
15199
4378
25707
73
23753
11975
18266
11712
27547
18005
20327
4712
15392
9380
19641
19968
5856
4410
14319
31211
28898
22277
21418
4543
15017
26359
12985
24145
13536
7829
4686
88
17404
11946
15898
22145
30534
14700
13958
17566
14497
29191
27642
3939
19851
15202
25643
28696
24719
3182
22708
23766
10773
28982
17928
28529
11371
28292
28440
22973
19715
9881
20046
12810
31005
2407
1713
28073
12925
29972
8031
19701
3131
18383
12826
3045
7518
10575
12227
30342
31992
19190
31667
26885
5766
24345
8348
10191
19923
13329
28410
6203
29143
11580
5837
17082
26526
2213
9608
16188
15956
8146
21967
25032
15848
2671
12305
1770
16175
31250
21626
15793
21017
5907
6809
21594
2659
5150
24797
10804
5261
23384
6951
23525
21312
22377
29362
18792
1116
29122
11006
21172
21712
27466
6084
26621
23521
24738
26511
11609
502
6631
19704
22753
24840
7362
14258
19153
13110
28920
26366
1396
10612
22554
26019
30529
10045
21787
3768
11795
1007
30580
1828
383
23493
8901
24268
418
23359
11171
10788
30000
31758
18391
12794
22723
12114
28289
12547
2080
8840
23995
22685
32117
15253
29090
31318
18127
25977
8361
23773
23465
577
19590
4966
13126
877
11218
16283
7787
19767
29915
975
23579
9757
29145
14968
29546
25626
4578
23715
1151
1055
18028
5671
13554
13789
28883
29487
16055
9476
24435
9123
32147
31263
10728
750
5632
30868
24245
4917
9291
29750
8897
31685
28406
12776
12413
11657
20744
11203
26483
26365
3665
1995
18670
12073
1809
12005
27422
14735
11652
24359
18519
30943
20543
6361
9608
20166
29527
6500
8233
1615
32065
27446
30311
9826
14740
27456
27746
13645
30276
15635
30054
17309
16233
22961
20105
12195
12414
30124
4687
15032
12111
7939
15958
18203
29575
25738
18084
26770
30544
30815
24739
9892
5153
23818
30885
13811
10990
3621
21529
1655
8568
4667
397
28230
453
24562
12445
13094
22242
19879
21422
25865
24604
9862
19296
11099
6222
21435
29320
26349
9283
23109
6202
23979
23216
10138
4661
276
3452
92
28642
5718
8927
15485
26078
5421
30720
28575
358
7525
30900
6633
17913
4712
10647
18812
12771
21779
30123
31186
573
19579
17688
32502
3218
29390
30718
4956
8163
7335
26450
26447
6116
9424
6738
22801
7842
24241
4981
6959
29214
23837
20391
15154
2869
30542
22955
9028
26068
29035
22137
32450
17016
7510
20162
24218
28979
9207
31141
957
11874
27846
30207
26795
30323
13036
21090
24481
30527
4604
27847
15665
2516
1312
6686
28784
31376
11320
12356
25103
5488
6093
14489
2629
28958
13843
19939
9589
28459
4403
19560
24671
10817
28337
20110
27631
19462
23636
16420
8362
21864
30187
16949
29016
3236
6468
32752
16104
19400
23042
5741
10611
24635
27878
14524
25333
6701
7858
31265
13102
21168
25204
25218
27343
4173
26454
24249
8455
30621
5131
503
18357
25299
15759
5223
13379
22513
18299
14833
22047
27303
17189
2596
2813
16387
9980
8480
31360
2997
29174
6275
7436
22208
6611
4403
23403
32053
27246
6411
21742
5426
19810
6159
14320
18446
27177
29327
11925
32216
9005
9322
27663
28065
15040
13139
20317
9820
5104
12192
3285
10741
12791
28488
3948
14486
23395
2260
29168
4511
1654
23770
15126
27052
20340
3994
4591
1926
18377
8895
26763
22247
11958
25542
9314
24057
17169
26634
12022
27517
14584
19054
6825
7672
15863
16624
10576
231
27168
7517
31230
14706
13755
18175
12802
28415
24973
11757
17558
29662
11711
476
13781
30229
1176
18355
31279
18668
21295
21303
31211
31382
11805
5897
8122
7977
32317
30451
6026
1317
28516
19452
16758
25185
4138
5052
24995
21997
32445
1301
25214
31427
29852
29635
17589
1305
23438
9129
25331
28709
23778
10800
2913
21663
15838
918
5330
6104
6100
2717
9025
22255
11009
4339
4440
19679
29192
5611
15593
1476
22489
7013
15660
15250
15858
5053
12522
5808
10766
7707
12135
23993
28862
7258
539
27247
30120
10880
28758
26517
17008
7006
27450
28589
27777
23664
24583
10434
1007
1174
12604
7925
5293
10399
2510
23613
31143
7783
7157
8004
32716
22478
19538
17106
6866
31477
9779
8495
16537
18216
19523
28670
18268
9487
15240
3963
538
19357
20742
3666
22011
3084
11923
22872
27828
19705
9240
24469
27127
11327
9223
2450
1291
21183
9701
39
13362
3102
20999
497
20247
17538
30371
598
5364
20900
9048
9797
7437
27626
2263
1717
5141
7171
18457
1973
11781
32161
30365
1732
20555
17591
6547
10665
26549
22447
29711
10601
31238
21797
7186
3982
702
13809
1741
7286
25960
23927
24341
10068
10364
788
14722
17527
5453
8521
32060
12492
19870
25200
32050
1492
17546
1317
4024
6112
4573
31120
32515
24516
27706
31354
6746
21128
32703
197
10871
16771
22619
30650
1139
22655
6969
26486
19023
26157
25434
30027
14507
16146
25484
16294
2274
26287
13707
1564
14143
25062
24963
12805
16542
25599
8560
5198
12586
4234
209
16543
11037
21462
19755
25938
13319
26045
12790
21579
20448
6236
4524
27931
11424
26304
3731
5228
25221
21728
2067
24459
26280
28043
31697
5839
14264
27680
22999
4090
10294
9581
16228
30243
14174
13028
17109
31942
27357
3319
20680
9376
22158
22844
17278
18973
360
29251
18393
18812
15353
3887
3581
3273
14772
9750
7604
15752
30596
10475
13758
5069
7837
10828
3683
11742
32433
26235
26799
23931
29675
27991
18279
25475
30997
12232
20211
25313
25725
7214
23625
27773
14245
26420
9309
32136
18253
17248
12148
10949
10450
18999
13695
18649
16479
23722
27912
30599
27592
20456
15713
925
2700
5815
9467
1280
26880
17733
669
22958
29802
12664
30174
3564
21853
1218
8232
21946
30211
62
7478
7207
26383
11868
20428
8451
1877
5256
9857
1075
29043
828
8945
10211
1560
26015
18412
1930
20976
7570
1270
27721
31607
28053
3207
16782
32541
701
6516
12501
10427
22931
29343
32162
14826
24951
6319
21388
16476
119
8766
26762
1286
32515
20410
1870
15442
22148
18811
22295
28467
12665
21485
6282
14765
22874
25138
24502
30834
19994
12051
17561
26712
11972
31450
7647
18684
23316
16924
26723
25617
27622
1020
13159
2117
15610
5611
13168
7331
22360
7156
20673
32353
20646
26524
31304
23633
30569
20774
24970
26815
11390
12336
20574
1228
11167
8907
4268
22495
5109
207
15846
7666
7461
8665
1976
28185
1211
22648
20616
13677
25272
17515
27731
3377
22967
19498
7167
8152
17094
31234
27414
6695
15454
5570
18120
17369
4074
6578
11661
11398
26130
31349
28937
17846
29309
7646
11252
20149
10441
22152
21446
6120
20680
7315
12304
4639
29410
6421
558
24512
27745
12766
13338
17332
1326
26229
18356
18773
16446
25624
1825
13916
4652
13187
31461
4462
8646
28471
17573
19230
20225
30392
24104
22787
327
5907
13966
24482
8850
20437
24825
8574
4218
4882
22791
2030
26538
2439
10089
14631
3107
9549
14550
16213
13435
11083
26271
31197
15301
10062
15755
13420
21741
13982
23834
7296
29561
13427
7724
8901
23246
18730
3750
23031
6103
30319
13183
30396
1169
2388
11367
31138
10619
7355
3875
26791
26860
9419
25798
12706
14390
12792
17789
19819
1904
27888
11587
13858
18419
24697
18927
15033
3173
32658
27681
7965
22931
29850
1039
9312
16802
15521
17531
16712
3905
7750
23087
7302
28785
14462
13308
5403
29268
14300
29482
28884
17486
833
30846
28096
5604
20941
15923
24759
13368
26165
25878
17022
7565
27176
2317
26348
20664
7960
7833
2054
3850
13992
29606
25042
28209
7322
3337
31640
24523
11992
13640
11387
3465
29147
14620
32377
3854
15691
14041
10576
2728
28692
2282
24467
2258
28288
23664
27989
17526
24125
9356
4321
22175
1808
22196
5595
8073
279
21141
30510
15257
4237
22729
15516
25462
3919
27068
25055
21665
28882
17821
7556
2290
4166
9670
6047
1167
26477
28419
26087
19104
1553
962
23001
3227
26176
12940
22921
31529
30342
5611
13195
18394
1421
6922
23020
27980
24835
26401
32723
19751
24072
8204
11051
19225
5731
3728
25662
28724
4362
18273
20848
17849
11612
13890
23455
21927
8253
17748
13246
9500
8583
25255
7750
19367
136
10225
26342
18082
23723
13663
4782
11362
9556
2260
27922
4164
10480
19761
9122
3992
2555
6459
3872
10509
16637
31022
32345
23843
21244
16251
27543
11022
29188
3055
7210
16316
6440
17071
17352
13570
23549
25199
13038
20419
16073
15444
31340
28383
17497
32531
1066
7373
9912
17810
13792
22149
22058
6942
11250
26689
18167
21395
4244
15830
597
27171
27666
15082
1670
9437
24458
14064
1745
23193
12424
2227
23720
23973
13239
978
6432
12248
17172
13051
18189
28742
23137
20774
13047
20531
8394
23980
9142
20477
7753
27890
20983
26665
4730
11114
29644
31998
26092
16465
10664
31833
1421
6407
23140
11600
8097
17756
17942
6036
8295
29572
13389
29427
23142
12004
13006
18975
813
18377
6094
966
6619
17352
11893
19433
28371
9328
28120
23475
27741
28181
31031
18911
8935
18641
17780
7716
31388
23309
986
10968
1865
8583
28629
24499
10966
173
13035
14121
15427
28449
7880
31643
22940
24033
8162
22374
15347
1821
8007
18210
11080
14892
21056
9829
29406
10822
3877
8589
20242
19863
12566
23068
16948
12063
30304
21731
12819
14615
16842
28373
16449
3742
26627
27179
30912
20967
27843
6943
21382
24280
25071
15105
7547
11193
23068
3123
5439
7926
27347
29800
11674
11099
8815
20733
26876
7065
3042
19712
28095
24017
2440
32416
23978
27111
32636
18397
13916
31888
8646
10123
16760
239
4528
27228
5039
28608
17577
32089
13227
30095
16201
10230
21091
8160
19055
28358
17742
12247
4862
1911
15637
27401
24498
23500
2242
13261
10207
24053
21144
18395
18878
8243
8782
2807
9480
26065
13754
9232
26200
21796
2971
9764
21232
16597
772
20583
20119
19286
16594
20627
15061
13630
17492
11215
17185
20885
20915
28231
5576
7107
19533
30671
23080
10368
12122
3672
22825
25937
1404
22307
23680
7604
25917
18530
16130
15614
30045
29671
32468
19474
31152
15644
9469
13276
28599
6743
28167
24729
14891
2336
14288
31972
8080
23210
29438
16445
16988
25682
30365
527
17407
31046
92
27926
30179
20394
30192
10149
27243
19298
15786
13611
18582
6723
32503
16103
20266
1968
21337
17716
5613
13854
10754
12998
4197
3834
6986
19669
23323
5619
13418
25523
16375
6273
24581
13693
25123
2131
8712
29899
27581
5755
6121
5209
14649
31276
3046
1563
32541
5780
5675
12757
13940
20387
5348
21400
22587
17940
27884
17297
807
14462
30592
18708
7270
14243
2548
7229
7042
18617
13791
25357
7638
28692
31234
15217
21684
4893
4773
24297
16743
7512
11633
29543
5433
4573
29918
24174
24157
2282
30879
12520
7888
16935
16461
9685
26365
7359
28269
2111
7327
18588
15514
16861
16251
20326
32589
29903
4494
22372
6730
13372
31022
26476
2973
11590
29875
28312
26166
4377
7785
15856
8091
19693
3901
12933
4183
2908
32473
4285
13994
28610
19208
17610
405
1198
5318
31613
28808
13437
21178
905
27053
8192
758
10460
14637
3678
916
9764
24900
5064
31382
20260
27830
26205
15717
25863
26041
6483
17401
19446
15850
6272
13335
7300
31526
11123
11697
3742
27565
19663
22309
200
3734
16637
19681
32489
19447
25019
30488
26491
28912
14954
18621
9702
29018
1517
24264
21204
5906
25788
17361
31490
27290
17244
32410
26436
18092
27554
31273
21666
8574
1449
26344
21930
18279
32416
24679
10490
2140
1712
15648
12734
27420
21174
936
17137
8171
12972
5966
11751
21203
21297
21461
31378
12105
32507
20736
6515
8345
24522
3786
15404
16004
7171
13220
6230
21445
26359
11549
4103
763
26155
21184
27238
2664
23663
13936
12963
10492
23493
656
30548
1876
18670
13337
339
15669
4830
28216
31082
15898
21389
5191
30282
10662
30745
31153
6662
18035
18166
4298
29485
17796
6222
27387
16129
4484
5797
20791
18845
16260
3997
24283
18359
30839
6589
7065
6195
28137
814
27404
14669
3029
4761
15370
30975
20008
19094
6470
32204
12223
26945
21993
30142
15733
8166
22883
17251
27846
28557
20812
3812
29541
11534
5985
9621
124
30672
19617
260
20791
19791
15598
1272
25693
28609
7984
21450
6220
24737
2339
32669
30293
7107
18344
8465
15521
15501
32565
7740
21128
8310
16515
12425
6243
24156
8734
10609
22858
10358
4571
7353
28158
25577
29596
9368
12525
27263
29139
29193
19737
27535
9746
1732
3244
6154
25459
23274
5205
4464
7821
26907
15348
21998
16581
27094
15462
1571
4338
23702
9649
22681
26892
26937
25509
4215
15813
392
26173
23938
20001
13866
15454
27033
3415
31430
10320
22249
1373
17534
20755
1746
27016
11289
20713
9177
7391
21220
12157
23314
10636
30335
21209
471
29771
3510
20972
5527
3984
679
22687
25004
16574
21109
10320
19255
15393
19613
11527
17319
22771
4773
18527
5695
20339
21113
23077
722
23913
26694
30383
539
1308
3696
10608
14332
24148
10073
25451
20015
4563
1509
15236
6918
25256
16816
14806
21374
19471
4120
24872
24614
9329
8975
24269
2952
14344
15634
8231
6180
16545
13405
8281
26910
2300
8105
24120
27265
28731
32332
21624
19896
17408
13690
13890
23989
26015
30584
12075
22648
19689
9926
17197
29171
16090
7290
25420
17553
19664
4523
10229
26911
12772
10809
12065
29258
11843
24482
20733
22616
7910
24013
31595
1993
19723
20196
12040
30774
21092
21068
17566
8497
22801
6968
15041
1608
4349
7235
16860
9642
29213
1488
16341
23772
3424
28365
2108
15674
25298
7936
32564
30630
30825
3021
24890
23526
3330
20500
2507
16564
8582
6540
24257
8855
5773
16116
12499
9266
28043
1460
6327
24531
26353
1605
26675
18036
10794
25958
15481
27232
32713
15996
4338
12920
5989
17472
8252
7270
9711
9138
21369
1064
14418
17570
10069
32050
32471
6256
14702
16278
21882
3873
28198
19325
10978
9740
13545
26087
16136
29233
5392
6639
30016
102
32591
28737
4724
21619
9345
23476
20656
31945
18127
390
10263
22102
30140
16393
14911
13133
20075
10687
24361
18189
29362
20739
30540
31311
10649
15745
14374
3114
15870
12757
25417
2285
8421
23106
18217
6227
4738
13199
7146
28938
1149
31883
24644
18717
17674
27327
26903
2283
21451
1009
4847
21013
8091
14024
15606
24217
21840
8813
29432
6866
4013
853
6545
7340
10271
17944
30991
6400
28062
21396
15660
20469
9107
23676
29895
32457
4849
19436
8760
13568
28876
16016
4575
31992
15127
9054
9062
22912
5805
23668
2531
23332
22033
13004
4354
26694
1028
17083
20825
27157
12784
11346
26434
20940
27960
16510
25720
14389
31188
9724
7805
25013
3534
3269
2938
21700
21705
10565
12644
17130
17354
15016
10043
27219
12145
20744
1786
24268
32019
15696
27784
12728
29168
4679
19737
29941
8303
12662
22802
2531
27298
1174
19292
20179
19423
14881
3715
31367
27098
11484
19313
3287
11439
17876
11190
4198
14271
391
6659
663
19708
24072
6964
7225
15708
4681
21346
29377
12085
4697
15736
15119
30430
14968
28687
17205
4217
20373
28285
5760
3009
422
26495
121
9830
13542
8158
18885
26529
12186
21105
6168
1154
9893
27732
10280
14257
32083
5340
9085
15238
9836
16943
16547
17531
9139
6648
15669
4657
6705
21972
11632
18600
19003
7080
25249
3031
31710
23688
15196
15851
27183
28399
17208
27368
21208
2296
2791
25931
24566
19820
12517
26395
19368
18872
6546
26789
20092
20736
4495
4309
27697
10763
28265
24474
21246
32312
12200
2573
31410
29809
20027
22897
22311
6490
6145
14506
18254
29786
28134
20038
11401
31842
22140
14394
5319
15969
6010
6549
18030
889
19867
19896
17555
21542
20648
2620
17589
5833
9110
58
5191
31039
29098
32650
26320
32694
11659
17177
16303
17740
20510
1803
6283
5369
8613
3361
12087
4928
7754
23980
6325
26668
21880
1248
23757
25102
13313
22581
16808
10150
13417
7636
68
7583
26895
31739
26259
26120
26529
11361
28889
22044
30595
32375
3653
3681
18477
23608
1966
22990
1993
18925
13182
22259
2575
6711
15103
5907
10197
13261
12552
12584
4743
32753
21855
6403
13007
30991
3157
22695
25534
10015
10345
24838
29176
11366
31679
29196
19427
25124
22552
24624
17034
20001
31572
4121
12085
4041
215
20413
22991
20913
25489
6060
19424
32162
30106
5816
13918
13222
12226
8153
10712
20091
18251
26185
27104
14508
28818
19201
32069
26444
31539
2213
23278
27943
16955
22170
24984
30979
3369
19907
29880
32423
9990
13256
19851
9147
10057
25876
15840
32617
9358
1604
382
12308
12535
25234
14611
19745
21462
17214
29812
4448
28354
10841
28436
21204
1157
23172
23568
24922
32230
13176
23684
7609
32200
10762
16250
2293
25672
25190
22757
20371
28549
13724
29336
13169
7375
708
20647
23092
27066
30318
27485
30926
30843
11340
1320
14776
577
19894
13711
1956
29594
8842
20330
4150
3097
30050
14579
10487
11941
2500
17317
13569
2158
15243
28481
17463
14443
17154
1935
3863
25538
4185
29205
24388
4748
31225
9596
14490
14593
3983
13459
20878
28976
10306
25091
20839
30482
24698
7756
12696
12341
12547
23153
495
12254
25809
8563
23188
19864
1500
31384
28246
5797
26853
28356
16214
22735
9602
10404
32171
6726
13895
15064
2647
32409
6395
21732
26823
6503
3218
29983
25878
19645
23951
30021
19756
15734
11932
15149
11345
19190
2986
8839
445
23224
16351
2704
13275
5001
16159
10639
4768
26593
3402
17419
28871
14064
2362
6151
11979
19011
18411
17937
19444
12398
19118
8024
7539
3738
28106
1889
10970
3035
6016
4863
24714
18162
24584
2
10302
15773
16970
19805
13496
21895
26185
1346
924
11500
25799
5606
1847
30378
27348
9098
22382
17914
30248
6560
31918
15618
31532
25568
13742
31840
17600
19167
6922
32226
8888
14921
19449
4779
30270
11602
13779
80
14861
19611
1476
14853
26474
2786
20197
28581
28292
22143
21599
31371
22574
32096
20616
23547
28556
8183
17628
3848
4136
1968
21249
9557
7965
21206
1844
2448
30957
19253
17538
2159
25790
16130
18265
29036
3569
31934
28665
25222
28564
2336
21322
21713
7659
3456
3454
29343
26579
208
32414
27464
27614
32122
29143
2015
6988
23252
17549
14676
25311
28540
28494
17385
14072
9402
26582
18579
30786
3127
8701
3116
17718
7485
20527
6746
21166
19567
19372
21975
29299
10328
30966
6082
29705
15791
31133
31903
20057
30390
28905
12061
16187
30302
20519
947
250
24492
26386
2184
27646
8985
3066
30760
25071
24204
26097
31182
7691
2575
5932
7987
30085
10093
14947
27588
19780
25897
10975
28640
8735
31728
31652
5570
14304
4560
12034
31186
2998
793
9074
20040
11367
23531
21306
15054
20907
28698
1714
27855
9898
3203
18956
31187
20134
16736
19010
2361
12664
25883
7160
28792
29595
32434
1463
25279
7781
7889
30749
1585
15972
29860
26128
17603
7103
20621
7430
18863
20348
29414
7557
9517
23936
16301
15945
28953
28145
17613
17202
15611
24855
24064
11007
28540
207
29174
3973
9197
27956
14446
31133
29446
20042
32245
15483
32463
2751
9318
25594
1593
19149
5933
10348
8179
22198
5413
3126
32728
793
4
16863
27966
20935
8891
17362
26578
15314
12332
18560
32246
29456
27102
7862
27420
19792
1307
26552
4101
25575
32507
25825
18554
7939
21634
28881
23434
2910
9475
1331
5591
8296
20392
28172
6840
31766
22889
19858
19718
31617
6761
14236
13110
18404
7510
6618
27324
3293
19384
29958
4512
26052
31703
7889
28895
988
15105
28534
29171
15148
2759
14333
29941
24446
29522
16950
11507
10947
6647
25070
2509
7396
25027
8786
3322
3595
14987
22234
17999
5764
3282
1842
14611
22042
7653
24544
13597
23927
24235
27872
16242
4682
28955
29025
22608
6883
24566
13709
27411
23943
31406
24008
13184
24390
8747
32750
13287
9077
5016
13902
301
24777
29255
16261
30295
9291
3540
7173
26786
12628
12426
1345
15557
30125
21895
21113
15949
21828
5526
23492
19540
19921
11164
23274
30197
25525
17357
2965
14188
19983
2169
31778
17221
7361
31651
16368
19471
14130
26557
25641
28115
23329
30691
9453
6767
3117
8179
21568
27700
26789
20865
15805
26163
28802
6684
30419
26089
28893
2806
31278
13045
5168
32146
7004
29653
26354
17648
13877
31213
3464
3678
29565
26251
24197
7649
23458
4383
10249
7614
32092
20361
24620
12154
7457
11972
29159
6760
24506
19331
10051
27954
17440
17840
28715
25885
7883
17365
5171
18651
21330
28526
27555
28279
30649
17313
13345
481
12873
11262
27038
23175
9698
29147
8330
29238
4637
20503
25534
4252
8749
1297
21167
15359
9731
21540
15273
30756
10970
10135
22142
10687
802
22363
13644
12557
171
4032
18220
15594
30629
3697
29275
2392
8138
14762
29620
21298
16937
19949
14757
16614
29064
27227
13743
5119
2183
92
23682
3347
3601
23605
17849
9038
1559
31115
24220
10955
20621
5583
27718
15880
10599
21059
22593
25363
9083
5112
13804
23805
4671
13751
12595
18593
8012
23088
13289
16272
9568
4417
2729
9058
21165
10409
12346
150
16316
6460
29900
7286
21217
26452
2189
3749
8305
5077
10226
8293
29494
5906
23723
8389
2337
10594
4970
23290
31341
21448
15300
28590
10452
13160
9185
12935
4676
28907
7316
24892
22082
25715
1235
29389
11787
1039
15212
21991
30465
7863
11569
16194
17857
21832
3800
13868
9508
3250
11588
8493
12280
5975
11279
20909
29029
23392
17687
2098
20831
3537
21989
30520
17786
27832
22
26925
21966
6514
26137
19635
17785
19518
17878
3183
7638
28999
4615
13525
24531
26417
26277
31451
24717
32389
10257
6113
28455
4690
7429
20460
23887
3052
4642
18474
3841
13518
6414
4019
22158
12911
17780
31538
21521
22495
12983
11401
10571
8246
23417
17381
12355
22473
3798
22864
17250
637
7809
30568
5634
14048
21566
30705
15158
12200
24856
18423
279
17536
21015
13448
31690
17008
4139
12346
31476
19591
30055
179
13325
68
5941
14836
2363
19854
31318
19496
2392
14155
15025
5255
1334
25200
19997
5377
11539
28179
21657
24957
6020
11292
3247
32314
13054
30986
10732
28157
15124
22479
10622
23598
9992
18046
14628
14228
2536
2764
9018
23806
23010
22507
23624
20918
14079
15597
18548
3685
25493
780
10382
24288
32041
18654
13707
28358
12792
22755
31642
3629
2278
30275
25773
20583
21227
27257
23639
32705
462
10474
25119
1239
2782
16734
12034
24257
30817
18625
18034
7891
2283
18762
23775
28525
7733
21288
13826
5453
5362
18494
2597
16233
19971
20312
16479
19694
25814
21004
27014
14722
9424
3226
5055
15363
2215
12187
11382
18628
32646
32071
29772
21073
178
26187
25424
19168
3677
20107
18217
8472
24835
23835
22937
8529
745
27808
6969
26582
25418
12932
10202
5613
10927
2864
22057
18158
21120
7602
22283
27157
11849
24886
28498
13129
12581
5854
8527
9777
7769
13319
32428
31826
13376
1633
5523
12299
21356
8350
14824
26737
12312
15891
29415
15047
8066
14769
24593
18090
7979
30739
26810
13578
32327
2857
27780
5627
21403
16835
12241
1719
4237
21544
25196
28850
5112
14464
5675
10324
17250
6372
31110
9512
13877
7707
15119
1404
19436
5149
7552
6642
7742
8000
26608
865
5971
3404
9455
2765
26882
8330
29562
28807
22558
22230
13647
5098
10348
509
12524
328
28507
30498
31291
29349
21986
3210
31928
23730
25761
20892
13616
11103
7655
29688
21174
28343
32394
27240
7608
24527
14901
8960
11165
10557
2358
835
20697
31594
17629
24449
13933
2621
18183
31164
509
22745
19009
9034
29176
30341
24018
22321
30478
391
27664
21134
16270
12136
8024
18
20870
31983
22409
13198
29345
18127
24960
23194
24589
5516
19514
13915
20304
23002
20202
9340
29858
24633
27054
27345
1782
15018
6241
11998
7004
28580
14750
2815
14134
27998
32128
9095
17442
20478
32222
21651
15656
12279
21727
17986
23388
17444
17765
5237
18339
19793
14183
30410
26265
7460
20864
2359
17540
103
3109
249
6683
13979
18556
26299
10451
29845
637
11881
11742
30070
13659
13224
11536
12779
23180
31051
22326
28541
10121
28775
10217
25476
18646
31624
19690
14773
27921
11207
29354
19294
17770
25330
16416
6511
28746
25478
13043
7760
27861
13917
24722
26634
4713
420
22721
1727
11207
29403
23348
28276
12294
8504
652
28272
14441
4707
25008
3248
20750
15363
13634
11633
6080
28931
17140
18822
21764
14822
1196
28499
31879
20898
16587
196
1382
7178
870
16532
1595
17845
13787
25467
18863
11699
1600
31206
7603
7239
17591
33
17326
31006
29130
22426
6492
3740
28151
14719
25931
27383
9319
6398
5240
31904
13260
29189
25844
10668
11957
4604
28886
11063
1112
1039
14553
28904
17539
13973
6776
6783
24064
11195
22374
4320
14969
7797
14242
15663
2795
29893
27282
28480
8995
2065
14279
14146
4709
24478
23412
25503
12351
19185
23407
5382
31669
28647
26816
23277
9322
22615
30466
20808
8162
22782
24411
7328
31350
6173
23010
9911
23473
1984
32565
15796
16704
10747
20380
21746
4473
16471
25069
12532
8874
28946
1527
16641
27474
3847
27710
14101
6477
22427
17616
31468
16606
25382
5524
27762
32301
32406
22262
2690
31385
4396
13222
32590
13884
15581
32752
8833
27461
16852
4939
23226
5376
29514
7674
10601
32356
1258
29586
12368
11593
28328
3952
12900
27698
1852
14038
14523
16194
23720
16009
16319
23153
26753
9412
24462
14016
13478
10724
26811
32012
30236
32694
20292
15753
14401
2647
5551
28774
28006
25782
13689
21939
6531
8642
757
17458
28576
3652
18660
5968
21170
28714
7754
17004
7657
19447
30327
7749
26745
3455
19894
4836
30522
21946
25058
4740
19860
704
14608
1121
13205
16647
20771
10182
32016
30116
4279
13187
3991
18853
10295
3996
31937
2119
16775
19453
10487
16906
25539
26316
11118
31862
24051
22937
1072
9781
3692
1402
17638
3258
15674
31522
8837
8786
32686
19768
18834
12821
23856
19252
26808
17086
5983
9763
5275
3073
16542
31401
9952
23889
11251
32373
31390
29140
21334
24122
971
17238
6615
12642
19147
7472
2978
30970
10142
20692
21438
13858
11353
24775
29340
6193
27089
14814
23545
27566
13255
6127
5438
27646
19219
32029
20103
24248
9256
4712
7208
21377
23670
5451
16732
23234
4889
709
5735
24909
10988
17150
22681
17669
10767
30942
22739
18822
19096
30579
23551
2417
2049
19215
1770
3194
21049
22091
2324
16272
22453
28061
6746
25440
30718
8687
32519
17226
23198
1233
26996
24239
275
25534
2827
10208
4614
30382
28875
17720
7550
487
2899
8073
6168
9140
21356
29729
19534
28587
26414
7418
15803
3726
16592
17654
5558
15002
30264
3445
13159
2498
30853
24
31324
30010
1826
4151
13889
13821
19127
22726
26478
17554
10061
2555
29377
4795
25791
4329
31308
13816
29001
16093
24867
2965
5639
21828
6789
13401
6452
39
22498
28354
18652
16673
12622
16984
26123
7080
24234
6647
25252
15348
23117
13283
17461
18428
16757
14789
32079
5939
15152
29026
1364
32509
20658
10508
8687
28858
31303
6474
8705
3417
10364
16173
21767
26521
16552
1053
25490
22342
1916
3900
2434
3347
11877
10264
5664
14972
29935
17811
26931
20312
27690
25409
2439
17417
24386
8195
27623
21940
19551
18638
28210
21582
32685
29108
2348
26957
6681
5548
675
26462
5742
27987
7411
21135
24300
31131
102
26045
3666
26448
22867
11008
11314
23673
19506
5041
3484
21485
17458
28423
32047
24245
24378
5974
26691
9572
8955
23973
12645
4104
23041
7300
18665
27882
16570
8806
3179
519
14430
20297
2572
19453
11630
25554
16788
221
28930
28621
13495
13108
21522
7364
12499
2672
4942
6138
24800
27385
19087
18971
28871
17010
10150
11051
26114
17792
6028
1409
2297
26698
8851
9839
26370
2456
1858
9122
1976
30405
20580
6908
23091
1658
2685
24664
3253
3039
13193
6194
9399
2779
25488
23498
30195
22066
3510
520
4568
10210
7689
10032
1935
25443
14528
27706
9150
25347
1652
20694
26856
4473
15327
27637
28557
25360
22149
1661
19489
24382
3174
8059
7998
18410
30050
9072
13582
32260
3475
26846
1527
24107
5457
9816
2238
11474
17613
8103
21209
20882
9383
9407
13697
29832
14714
11930
10205
19102
2208
4279
10312
27731
24605
25019
28402
28838
25841
26090
1296
9243
7361
5266
11256
28019
25374
27991
14997
24623
31977
30961
28180
6216
27827
4788
4045
14810
17224
28632
2703
20663
16889
407
471
27389
16897
10924
22442
10232
17916
25854
4799
28839
4957
23958
25158
9653
17281
27969
6647
23940
21385
25698
13433
14040
19207
28776
1910
12382
7441
27829
2328
21426
5104
5707
29629
11010
16530
25698
9815
27030
8581
22963
10187
17060
18634
3431
7755
30841
3013
25147
15600
20553
10524
9949
12949
7424
13674
24816
27402
7142
28678
14322
11807
18249
24354
30560
31888
30524
13933
31977
31811
21125
16716
11701
6684
17539
10183
19806
12543
23594
5667
11202
20
18080
31269
13514
27895
6192
18622
32607
30148
13908
5233
22524
2689
15821
31925
31486
1947
8103
20431
26696
9536
21623
2220
857
26534
1515
22437
19467
9473
8525
27125
774
21470
23348
30861
17667
8925
4277
7277
32349
14663
2531
25084
6784
30697
5634
4838
24299
28938
31471
3359
9087
1604
30800
31566
503
22947
5470
1985
17633
13405
27444
19990
14819
13081
29536
27141
3699
17517
10036
7024
11880
28175
28879
21203
19684
26490
7291
9656
563
8368
15610
29854
22648
20841
25429
14323
25253
2725
4269
31426
31437
31511
31930
27950
15773
19438
17172
11714
23497
4948
9971
25742
24411
11008
21480
28848
25895
1477
32756
6482
12497
2123
9422
31663
25110
27765
9203
23940
16138
1549
24493
9220
9815
27822
23384
17079
17688
25277
4999
15485
30429
31689
9601
25849
15488
10163
4882
16386
5530
2561
6707
16767
12411
8180
93
12285
13405
6967
31233
3412
19095
12109
3413
28418
5333
20461
5750
27857
14671
12728
20289
29818
9151
2300
8301
11878
28512
24385
18141
5364
19540
28271
2607
15203
3643
4832
20377
26744
19310
26919
23992
13563
6658
20491
19636
5141
3369
12583
14932
13522
5715
20899
18657
25527
9448
14513
17160
30903
25979
11160
22981
20258
6698
2818
19697
603
25374
31486
1791
4613
15069
16278
27387
10280
13683
19580
3875
26813
4324
8831
7576
6742
8836
14294
30318
797
14473
27271
767
29031
17541
11514
4320
5820
24867
31797
19438
4812
24977
18447
1613
1787
27153
12539
25298
9370
13813
17174
8310
26011
31470
24393
20784
18737
30949
21811
10448
4156
1080
5709
23919
29099
13828
31446
18703
6836
30780
23496
28661
31722
28602
23794
12790
21121
27167
14248
14666
28274
16596
27135
11152
20167
11235
3666
29650
15509
2975
13985
14827
5785
22743
14673
12730
29896
13922
31755
21827
16877
28334
7872
9070
13630
6870
5852
3526
26462
31197
25919
20617
10459
26813
29194
14149
19978
20194
5564
12095
4563
23151
27183
977
22722
30781
4145
21911
23833
17382
1391
29394
30304
22063
28317
23282
30296
10887
8948
2753
20358
6474
10006
21580
436
4685
15008
892
8407
8867
6788
8136
10863
5149
7321
18206
22291
17751
8388
17210
24510
25163
18455
32486
29540
24269
12170
22776
15271
29125
1302
6941
15561
23718
26537
17729
20088
22184
23344
19854
23548
8620
24345
8201
22177
4422
22378
17231
9429
27483
203
19094
2388
9694
13209
15995
20154
24461
21987
24887
11058
644
21208
10522
5234
27265
31217
3736
16315
24955
5795
267
15545
21190
29271
27731
1233
29932
32078
14580
25621
26342
20092
27810
19892
16526
23237
23354
27909
15487
4312
12367
28700
32221
1939
2909
9269
14351
15097
27978
17760
31569
13113
8506
15855
17440
14373
15906
197
9528
16937
27184
17235
13106
25662
25984
29980
13958
28733
32516
6992
27730
13239
24434
30397
19298
15700
2855
30411
20974
14724
23009
25049
9261
23864
17994
30510
12435
9597
24440
3654
19925
1175
195
16407
21156
23485
11026
478
20786
19396
27620
25379
22752
2428
20028
2084
10318
24253
5356
12696
11126
29287
4501
442
1876
30182
8843
29127
24289
19709
5175
27145
13146
31054
14982
23458
14606
26333
30387
4901
10543
3978
23280
26601
5176
18113
24563
7952
11846
14902
32580
31819
18754
24547
29099
25319
25341
32061
30969
21002
20359
26306
28162
3504
16735
31716
4390
29272
16626
29591
4568
22837
24928
1488
20172
20871
11036
5941
17738
9524
17188
4041
10600
12361
22766
4389
23590
5116
23316
9408
23135
16417
23753
22575
4776
9208
10134
11540
13843
17853
20557
9372
12828
4382
5793
25012
11039
18852
30166
31295
27111
2978
3762
30056
13083
23936
9301
5331
20851
117
21488
1113
12898
4786
11108
29272
5956
17579
22649
15581
1486
22491
13711
27136
18626
5005
23081
371
28614
26864
5213
8523
28407
28387
15683
10438
1394
15792
16736
18072
21094
28540
4273
9516
15992
23589
11303
26863
26065
20311
5795
19832
16857
26800
6833
12799
11857
29999
32333
7474
32360
31668
16387
8513
23957
4554
5049
30440
17236
2775
29252
31031
24783
22899
13013
28794
13389
26526
24602
31422
4805
30018
5194
12849
28452
27150
31325
11601
23755
23365
25759
17257
29150
22104
25057
21698
27119
31975
16376
2133
14581
12963
11127
13255
29452
18022
6191
23354
29146
28816
13634
14648
13508
769
31305
8300
17348
15133
2990
32734
9433
23091
8049
119
14330
21646
21375
28362
17723
19515
4956
10643
19296
25476
10807
21107
9169
8789
11607
2407
792
25153
17267
26848
4701
24795
8272
3786
12996
15733
27540
4501
1262
27743
3359
16110
6923
6281
3185
27727
29413
15851
25259
2300
31917
1373
27112
14361
5127
31072
21891
17654
11450
4715
22579
7077
4279
219
21314
28869
24673
22317
28359
5229
11790
20064
23081
31666
14802
12401
4305
18935
12593
22580
24856
3908
3317
967
16467
10405
3149
27552
2038
28820
9088
25028
15400
6483
21619
4161
22284
2254
11878
21741
24640
10037
13902
30899
22393
31475
13069
21240
14776
540
21813
20030
461
6050
24239
27722
12128
9038
10528
7229
17173
23114
3208
27197
4498
13774
11687
21539
29742
10577
20586
8075
4425
30518
8191
21244
19003
7897
32161
6772
22468
21368
9393
13597
12170
25700
12826
1845
891
11686
8732
5688
29629
18283
30019
24615
20227
3399
30946
29035
29958
12016
15047
7328
28999
3880
18252
30782
25347
13886
21028
31833
1345
4221
9549
4421
499
16744
18851
18395
16453
9787
16662
20689
29804
3225
17001
8458
22723
8993
10208
5811
6838
18286
14316
8304
18162
25782
17845
16465
9659
19871
19061
6695
10622
15464
30353
24573
2105
1882
22675
27169
22491
14565
7981
32
27317
13683
26290
22051
15595
8323
19383
2600
2657
2821
17936
7542
31873
14799
6867
18616
21501
20027
9957
17930
28335
20289
2406
10303
4317
23026
22069
20112
7338
31600
19327
23683
30152
18713
11280
3773
20979
28858
3273
11738
2424
21806
6259
25052
26658
27362
16588
15840
32073
29469
4694
27485
25493
10264
27765
17604
25460
12034
31684
21935
5418
14225
25504
25710
4122
22425
10889
24456
666
9120
13622
15587
31907
25754
32604
18744
15970
14897
8103
25751
5620
1855
32143
23782
22203
19962
1907
21324
32576
29137
32589
23298
3878
18234
24705
30223
7043
2615
18750
23467
878
33
6259
31429
25026
15485
24872
26421
27423
24831
15471
29573
25764
28160
5710
4997
15783
26140
709
4625
19534
27234
30941
13380
3370
25118
16274
12399
5186
5547
13715
4315
15736
24053
18798
32461
25802
19754
14673
19959
27232
6006
28103
27582
24758
176
24830
31561
15532
24567
220
6217
11822
32181
16703
21600
10595
30213
3499
30931
1497
9138
8000
31706
24070
3435
4954
20830
18189
31891
23824
31330
23085
30891
20875
11325
12452
858
12975
16045
1133
13313
20339
24285
18469
11425
10309
2616
473
28320
7822
21324
19840
19369
28791
22505
11946
27011
15442
26923
22156
9696
15583
32103
14967
3782
7627
16969
26679
5667
31274
11598
2159
30740
9932
16244
9578
1617
3467
28931
17616
31838
18969
20457
30082
22803
12510
31733
20936
21803
19301
9656
31462
24232
12465
23840
13641
2635
31520
18019
24175
31982
18043
31848
23426
1137
13091
30398
26732
16270
18816
9113
16278
20914
14139
22769
23817
19855
16625
25326
13203
15375
16113
1989
29046
6254
15035
4046
23890
28970
19380
16636
10491
6662
23630
18920
22403
6129
32488
21639
9905
21020
23105
7904
8727
23624
10784
14774
7225
2909
24561
5499
31513
20311
32281
23549
23517
21022
19917
6694
1671
26316
9848
28190
15979
12512
27358
14762
7924
21707
690
12111
4688
27883
32481
4463
11876
19245
12626
9347
26888
23542
8603
32653
24517
20883
20804
26094
9129
1947
3502
27381
8363
3528
26727
30800
1498
32006
15359
9639
18573
31437
24309
19796
30209
27320
9587
27406
2044
4018
14160
17027
24453
13656
27631
21733
11694
20664
4701
25833
19198
1648
18144
19305
31729
17266
13239
31431
26367
17188
9480
3553
345
6730
19474
20490
30324
24685
15878
19911
6441
876
20740
12637
4877
23615
24886
22717
13349
9318
24446
5044
24227
26359
3830
31763
1923
29094
29013
12409
2798
18777
9266
2429
9540
26331
26020
11348
29999
4051
15784
9917
1655
8615
31154
25450
28744
14572
12490
29323
8982
20690
25758
2215
26335
5099
18301
8697
7027
21886
1557
9601
29575
27795
363
26020
4614
28335
22396
25817
12051
13147
30091
21042
4337
25442
2085
874
18869
14584
25636
12737
11663
21529
1442
11409
16424
8185
23929
23449
26104
9168
30873
24676
2194
18906
24577
4101
1138
32673
20546
26731
6095
18002
4120
20823
1067
25817
3461
13483
5323
22850
18382
17024
8427
25366
28293
31845
32662
587
11164
20631
9604
16729
22329
12824
27512
25167
22493
4621
19024
27926
28206
18699
9635
14929
23602
30046
17055
7544
1983
22218
10713
3337
5606
2039
10399
897
11401
6322
10754
3686
32473
2876
20542
26930
9952
32160
27251
17249
26236
7569
24304
2168
14855
28608
27913
15673
10505
11578
4757
7971
23916
6965
30928
23852
6854
30514
12310
14832
6388
28600
24654
32272
8284
13574
21830
13810
24900
28635
15941
19300
26902
20825
23835
19043
32457
29869
23102
22116
4422
14753
16803
28663
26029
7796
8822
9676
20028
28936
8659
31057
30785
18951
27097
24991
14542
11881
14121
2037
13494
27597
9861
14922
3056
3169
27355
2697
22091
32257
11349
15348
15701
15207
5982
28155
13620
12144
16244
3031
29151
16447
17860
32441
30920
17361
6818
15754
32318
18800
8796
3068
1291
23380
1597
16921
6711
25521
8036
32747
25332
12722
16587
3180
15871
22511
13790
8236
20932
29776
384
12808
23838
13228
15018
7672
15681
8095
19614
27004
3183
32353
19609
4382
26169
28095
15982
19692
19913
27760
20693
11396
16793
18235
18968
17412
1256
20916
12128
29171
23512
1888
24556
10785
13655
1174
27210
27690
29722
9075
9890
10555
10797
9784
28374
24362
31973
17237
12995
17761
2080
16561
30817
22994
18339
16014
3014
10748
4365
12112
1775
26953
25717
29206
15085
23625
2762
10527
3659
32503
21525
27966
18972
11454
12161
27667
4396
7988
14413
9000
28998
24673
17417
23084
18490
12792
18399
8853
4324
2046
24292
29128
12686
13602
8689
7333
22324
21278
1618
13794
25497
273
11593
19096
29221
11720
29464
31744
3822
28969
1418
24004
15695
26435
7753
29325
23783
5935
24592
23089
6562
7805
23699
27694
28406
1609
22852
9097
5627
17214
14725
9628
20532
25499
9906
5046
19291
26586
14053
16916
2961
7032
11643
16162
1590
6058
15146
7094
31928
23176
21776
17370
23962
18402
9233
9491
9778
19160
1702
15297
9595
28290
25526
26094
6171
20955
14545
27776
8270
6373
3570
18238
22360
11780
12739
10056
18042
4440
276
32201
17780
900
6869
24389
30939
16797
32689
138
11960
25113
30679
1772
12724
22804
22360
2352
30413
16373
3706
2592
27845
18860
26108
13510
31591
27015
22247
12961
3022
22972
1841
21098
30908
10202
6580
16188
7559
22984
4985
18304
22423
11723
4417
760
10791
3547
26278
25884
27392
9482
28634
